    Lbox (cMpc) =  58.909793673384
  ngrid (cells) =     1024
           aexp =   1.000000000000
             h0 =   0.677399992943
             ns =   0.966700017452
         sigma8 =   0.815900027752
        Omega_l =   0.691100001335
        Omega_m =   0.308899998665
        Omega_b =   0.048599999398
        Omega_k =   0.000000000000
--------------------------------------------------------------------------------------
        FFTtype =     powerspectrum
      ShotNoise =                 0
           var1 = totalmass_overdens
           var2 =              empty
           var3 =              empty
  neff1 (count) =     134217728.06
  neff2 (count) =    1073741824.00
  neff3 (count) =    1073741824.00
--------------------------------------------------------------------------------------
       k (Mpc^-1)        P (Mpc^3) P-NoCorr (Mpc^3)  nmodes (counts)
--------------------------------------------------------------------------------------
      0.10789E+00      0.29486E+04      0.29486E+04                5
      0.15240E+00      0.38992E+04      0.38992E+04                8
      0.18323E+00      0.10681E+04      0.10681E+04                4
      0.21527E+00      0.19848E+04      0.19848E+04                5
      0.23604E+00      0.94377E+03      0.94376E+03               16
      0.25882E+00      0.11381E+04      0.11381E+04               12
      0.30408E+00      0.12044E+04      0.12043E+04                8
      0.31841E+00      0.16016E+04      0.16016E+04               17
      0.34119E+00      0.12281E+04      0.12281E+04               16
      0.35727E+00      0.11106E+04      0.11105E+04               12
      0.36559E+00      0.11916E+04      0.11915E+04                4
      0.38282E+00      0.50390E+03      0.50388E+03               16
      0.40086E+00      0.93675E+03      0.93671E+03               24
      0.42953E+00      0.13597E+04      0.13596E+04                5
      0.43953E+00      0.11631E+04      0.11630E+04               28
      0.44977E+00      0.66857E+03      0.66854E+03               20
      0.46025E+00      0.62634E+03      0.62631E+03               12
      0.48194E+00      0.81266E+03      0.81261E+03               16
      0.49317E+00      0.98277E+03      0.98270E+03               24
      0.50465E+00      0.33118E+03      0.33116E+03               12
      0.52844E+00      0.67885E+03      0.67880E+03               33
      0.54074E+00      0.72495E+03      0.72489E+03               40
      0.55334E+00      0.69667E+03      0.69661E+03               16
      0.57942E+00      0.60481E+03      0.60475E+03               64
      0.60673E+00      0.73989E+03      0.73982E+03               32
      0.62086E+00      0.59953E+03      0.59947E+03               28
      0.63532E+00      0.48135E+03      0.48130E+03               41
      0.65012E+00      0.43013E+03      0.43008E+03               52
      0.68076E+00      0.62648E+03      0.62640E+03               68
      0.69661E+00      0.52475E+03      0.52468E+03               36
      0.71284E+00      0.46480E+03      0.46473E+03               52
      0.72944E+00      0.42330E+03      0.42324E+03               24
      0.74644E+00      0.49626E+03      0.49618E+03               81
      0.76382E+00      0.51225E+03      0.51217E+03               40
      0.78161E+00      0.47449E+03      0.47441E+03               88
      0.79982E+00      0.56983E+03      0.56973E+03               48
      0.81845E+00      0.51031E+03      0.51021E+03               52
      0.83751E+00      0.40683E+03      0.40675E+03               88
      0.85702E+00      0.57231E+03      0.57219E+03              109
      0.87699E+00      0.49700E+03      0.49690E+03               88
      0.89741E+00      0.45058E+03      0.45048E+03               44
      0.91832E+00      0.43819E+03      0.43808E+03              120
      0.93971E+00      0.43110E+03      0.43099E+03               84
      0.96160E+00      0.45111E+03      0.45100E+03              133
      0.98399E+00      0.40518E+03      0.40507E+03              116
      0.10069E+01      0.45257E+03      0.45244E+03              176
      0.10304E+01      0.33528E+03      0.33518E+03               72
      0.10544E+01      0.41872E+03      0.41859E+03              132
      0.10789E+01      0.42552E+03      0.42539E+03              173
      0.11041E+01      0.40074E+03      0.40061E+03              180
      0.11298E+01      0.35750E+03      0.35738E+03              172
      0.11561E+01      0.39486E+03      0.39471E+03              188
      0.11830E+01      0.34355E+03      0.34341E+03              209
      0.12106E+01      0.33232E+03      0.33219E+03              244
      0.12388E+01      0.35171E+03      0.35156E+03              260
      0.12676E+01      0.33206E+03      0.33192E+03              149
      0.12972E+01      0.31608E+03      0.31593E+03              348
      0.13274E+01      0.33676E+03      0.33659E+03              296
      0.13583E+01      0.30555E+03      0.30540E+03              280
      0.13899E+01      0.27826E+03      0.27812E+03              369
      0.14223E+01      0.31365E+03      0.31347E+03              324
      0.14554E+01      0.27748E+03      0.27732E+03              416
      0.14893E+01      0.25423E+03      0.25407E+03              357
      0.15240E+01      0.28707E+03      0.28689E+03              424
      0.15595E+01      0.26362E+03      0.26344E+03              488
      0.15959E+01      0.26119E+03      0.26100E+03              529
      0.16330E+01      0.25678E+03      0.25659E+03              504
      0.16711E+01      0.25297E+03      0.25278E+03              680
      0.17100E+01      0.24469E+03      0.24449E+03              525
      0.17498E+01      0.24120E+03      0.24100E+03              704
      0.17906E+01      0.25730E+03      0.25708E+03              592
      0.18323E+01      0.22636E+03      0.22615E+03              829
      0.18750E+01      0.20535E+03      0.20515E+03              824
      0.19186E+01      0.22988E+03      0.22965E+03              905
      0.19633E+01      0.21528E+03      0.21505E+03              896
      0.20091E+01      0.20024E+03      0.20002E+03              977
      0.20559E+01      0.20172E+03      0.20148E+03             1088
      0.21037E+01      0.20313E+03      0.20289E+03             1156
      0.21527E+01      0.18217E+03      0.18193E+03             1141
      0.22029E+01      0.18314E+03      0.18289E+03             1316
      0.22542E+01      0.17762E+03      0.17737E+03             1377
      0.23067E+01      0.16685E+03      0.16661E+03             1512
      0.23604E+01      0.15703E+03      0.15679E+03             1681
      0.24154E+01      0.16073E+03      0.16047E+03             1640
      0.24717E+01      0.15555E+03      0.15529E+03             1981
      0.25293E+01      0.15107E+03      0.15080E+03             1812
      0.25882E+01      0.14658E+03      0.14630E+03             2225
      0.26485E+01      0.15008E+03      0.14979E+03             2273
      0.27101E+01      0.14353E+03      0.14324E+03             2328
      0.27733E+01      0.13468E+03      0.13439E+03             2613
      0.28379E+01      0.13301E+03      0.13271E+03             2640
      0.29040E+01      0.12735E+03      0.12705E+03             3173
      0.29716E+01      0.12289E+03      0.12259E+03             3173
      0.30408E+01      0.12074E+03      0.12043E+03             3296
      0.31117E+01      0.11411E+03      0.11381E+03             3769
      0.31841E+01      0.10826E+03      0.10796E+03             3857
      0.32583E+01      0.10565E+03      0.10534E+03             4288
      0.33342E+01      0.10136E+03      0.10105E+03             4317
      0.34119E+01      0.99928E+02      0.99608E+02             4933
      0.34913E+01      0.95539E+02      0.95218E+02             4957
      0.35727E+01      0.88570E+02      0.88259E+02             5632
      0.36559E+01      0.86407E+02      0.86089E+02             5877
      0.37410E+01      0.83158E+02      0.82837E+02             6369
      0.38282E+01      0.78480E+02      0.78163E+02             6885
      0.39173E+01      0.78274E+02      0.77943E+02             7165
      0.40086E+01      0.75182E+02      0.74850E+02             7733
      0.41020E+01      0.72187E+02      0.71853E+02             8212
      0.41975E+01      0.70085E+02      0.69745E+02             8925
      0.42953E+01      0.67445E+02      0.67103E+02             9817
      0.43953E+01      0.63287E+02      0.62950E+02            10097
      0.44977E+01      0.61204E+02      0.60863E+02            11241
      0.46025E+01      0.59041E+02      0.58697E+02            11585
      0.47097E+01      0.56311E+02      0.55967E+02            12693
      0.48194E+01      0.54675E+02      0.54326E+02            13449
      0.49317E+01      0.52336E+02      0.51986E+02            14453
      0.50465E+01      0.50019E+02      0.49669E+02            15333
      0.51641E+01      0.48563E+02      0.48207E+02            16713
      0.52844E+01      0.46011E+02      0.45658E+02            17738
      0.54074E+01      0.44004E+02      0.43650E+02            19409
      0.55334E+01      0.42240E+02      0.41885E+02            20369
      0.56623E+01      0.41221E+02      0.40858E+02            21469
      0.57942E+01      0.38862E+02      0.38504E+02            23417
      0.59291E+01      0.37231E+02      0.36872E+02            25502
      0.60673E+01      0.35321E+02      0.34964E+02            26657
      0.62086E+01      0.34371E+02      0.34007E+02            28789
      0.63532E+01      0.32655E+02      0.32293E+02            31182
      0.65012E+01      0.31731E+02      0.31363E+02            32561
      0.66526E+01      0.30615E+02      0.30243E+02            35658
      0.68076E+01      0.29327E+02      0.28954E+02            37573
      0.69661E+01      0.27919E+02      0.27547E+02            40878
      0.71284E+01      0.26648E+02      0.26277E+02            43305
      0.72944E+01      0.25748E+02      0.25372E+02            46874
      0.74644E+01      0.24675E+02      0.24299E+02            49785
      0.76382E+01      0.23747E+02      0.23367E+02            53410
      0.78161E+01      0.22591E+02      0.22213E+02            57486
      0.79982E+01      0.21651E+02      0.21272E+02            61845
      0.81845E+01      0.21013E+02      0.20627E+02            65234
      0.83751E+01      0.20160E+02      0.19773E+02            71126
      0.85702E+01      0.19217E+02      0.18831E+02            75154
      0.87699E+01      0.18346E+02      0.17961E+02            80746
      0.89741E+01      0.17548E+02      0.17162E+02            86890
      0.91832E+01      0.16975E+02      0.16584E+02            92098
      0.93971E+01      0.16066E+02      0.15679E+02           100266
      0.96160E+01      0.15294E+02      0.14908E+02           106154
      0.98399E+01      0.14652E+02      0.14265E+02           114774
      0.10069E+02      0.13962E+02      0.13576E+02           122110
      0.10304E+02      0.13369E+02      0.12983E+02           131438
      0.10544E+02      0.12694E+02      0.12310E+02           139866
      0.10789E+02      0.12177E+02      0.11791E+02           151019
      0.11041E+02      0.11549E+02      0.11166E+02           161410
      0.11298E+02      0.10905E+02      0.10527E+02           172807
      0.11561E+02      0.10398E+02      0.10021E+02           184934
      0.11830E+02      0.98937E+01      0.95182E+01           198643
      0.12106E+02      0.94477E+01      0.90725E+01           212678
      0.12388E+02      0.90014E+01      0.86274E+01           227611
      0.12676E+02      0.85809E+01      0.82079E+01           244147
      0.12972E+02      0.81587E+01      0.77877E+01           260479
      0.13274E+02      0.77869E+01      0.74165E+01           279698
      0.13583E+02      0.73889E+01      0.70212E+01           300579
      0.13899E+02      0.69995E+01      0.66352E+01           321511
      0.14223E+02      0.66632E+01      0.63004E+01           345027
      0.14554E+02      0.63366E+01      0.59757E+01           368812
      0.14893E+02      0.60303E+01      0.56711E+01           395335
      0.15240E+02      0.57457E+01      0.53878E+01           423263
      0.15595E+02      0.54724E+01      0.51159E+01           454035
      0.15959E+02      0.51817E+01      0.48287E+01           485816
      0.16330E+02      0.49214E+01      0.45708E+01           522055
      0.16711E+02      0.46966E+01      0.43468E+01           558220
      0.17100E+02      0.44728E+01      0.41245E+01           598052
      0.17498E+02      0.42336E+01      0.38890E+01           641167
      0.17906E+02      0.40246E+01      0.36822E+01           685832
      0.18323E+02      0.38313E+01      0.34906E+01           736364
      0.18750E+02      0.36429E+01      0.33043E+01           788412
      0.19186E+02      0.34553E+01      0.31197E+01           844716
      0.19633E+02      0.32812E+01      0.29482E+01           904801
      0.20091E+02      0.31196E+01      0.27888E+01           969652
      0.20559E+02      0.29712E+01      0.26421E+01          1037732
      0.21037E+02      0.28191E+01      0.24929E+01          1115457
      0.21527E+02      0.26843E+01      0.23599E+01          1192141
      0.22029E+02      0.25472E+01      0.22256E+01          1278112
      0.22542E+02      0.24260E+01      0.21062E+01          1368325
      0.23067E+02      0.23093E+01      0.19914E+01          1468101
      0.23604E+02      0.21984E+01      0.18825E+01          1571857
      0.24154E+02      0.20901E+01      0.17766E+01          1682734
      0.24717E+02      0.19821E+01      0.16718E+01          1807553
      0.25293E+02      0.18823E+01      0.15748E+01          1931805
      0.25882E+02      0.17880E+01      0.14833E+01          2072138
      0.26485E+02      0.16997E+01      0.13975E+01          2220138
      0.27101E+02      0.16141E+01      0.13148E+01          2380370
      0.27733E+02      0.15318E+01      0.12356E+01          2546650
      0.28379E+02      0.14531E+01      0.11601E+01          2731658
      0.29040E+02      0.13779E+01      0.10883E+01          2926086
      0.29716E+02      0.13071E+01      0.10208E+01          3134654
      0.30408E+02      0.12395E+01      0.95661E+00          3359099
      0.31117E+02      0.11732E+01      0.89430E+00          3600151
      0.31841E+02      0.11123E+01      0.83688E+00          3853566
      0.32583E+02      0.10560E+01      0.78375E+00          4133816
      0.33342E+02      0.10024E+01      0.73334E+00          4427783
      0.34119E+02      0.95134E+00      0.68561E+00          4744931
      0.34913E+02      0.90194E+00      0.63984E+00          5083472
      0.35727E+02      0.85455E+00      0.59627E+00          5446551
      0.36559E+02      0.81009E+00      0.55551E+00          5837760
      0.37410E+02      0.76764E+00      0.51690E+00          6250688
      0.38282E+02      0.72825E+00      0.48108E+00          6699829
      0.39173E+02      0.69235E+00      0.44827E+00          7182600
      0.40086E+02      0.65813E+00      0.41722E+00          7689353
      0.41020E+02      0.62583E+00      0.38804E+00          8243033
      0.41975E+02      0.59600E+00      0.36105E+00          8831621
      0.42953E+02      0.56923E+00      0.33650E+00          9462865
      0.43953E+02      0.54495E+00      0.31397E+00         10138637
      0.44977E+02      0.52193E+00      0.29270E+00         10866146
      0.46025E+02      0.50065E+00      0.27290E+00         11640050
      0.47097E+02      0.48107E+00      0.25451E+00         12474630
      0.48194E+02      0.46371E+00      0.23773E+00         13362283
