    Lbox (cMpc) =  58.909795476708
  ngrid (cells) =     1024
           aexp =   0.714322979182
             h0 =   0.677399992943
             ns =   0.966700017452
         sigma8 =   0.815900027752
        Omega_l =   0.691100001335
        Omega_m =   0.308899998665
        Omega_b =   0.048599999398
        Omega_k =   0.000000000000
--------------------------------------------------------------------------------------
        FFTtype =     powerspectrum
      ShotNoise =                 0
           var1 = totalmass_overdens
           var2 =              empty
           var3 =              empty
  neff1 (count) =     134217728.00
  neff2 (count) =    1073741824.00
  neff3 (count) =    1073741824.00
--------------------------------------------------------------------------------------
       k (Mpc^-1)        P (Mpc^3) P-NoCorr (Mpc^3)  nmodes (counts)
--------------------------------------------------------------------------------------
      0.10789E+00      0.19759E+04      0.19759E+04                5
      0.15240E+00      0.27408E+04      0.27408E+04                8
      0.18323E+00      0.66599E+03      0.66598E+03                4
      0.21527E+00      0.14870E+04      0.14870E+04                5
      0.23604E+00      0.67601E+03      0.67599E+03               16
      0.25882E+00      0.85568E+03      0.85567E+03               12
      0.30408E+00      0.86557E+03      0.86555E+03                8
      0.31841E+00      0.11245E+04      0.11245E+04               17
      0.34119E+00      0.83013E+03      0.83011E+03               16
      0.35727E+00      0.75037E+03      0.75035E+03               12
      0.36559E+00      0.67737E+03      0.67734E+03                4
      0.38282E+00      0.31743E+03      0.31742E+03               16
      0.40086E+00      0.65591E+03      0.65589E+03               24
      0.42953E+00      0.61191E+03      0.61188E+03                5
      0.43953E+00      0.80048E+03      0.80044E+03               28
      0.44977E+00      0.47981E+03      0.47978E+03               20
      0.46025E+00      0.37163E+03      0.37161E+03               12
      0.48194E+00      0.52286E+03      0.52283E+03               16
      0.49317E+00      0.62995E+03      0.62991E+03               24
      0.50465E+00      0.15546E+03      0.15545E+03               12
      0.52844E+00      0.47471E+03      0.47467E+03               33
      0.54074E+00      0.38421E+03      0.38418E+03               40
      0.55334E+00      0.46258E+03      0.46254E+03               16
      0.57942E+00      0.39599E+03      0.39595E+03               64
      0.60673E+00      0.41605E+03      0.41601E+03               32
      0.62086E+00      0.41190E+03      0.41186E+03               28
      0.63532E+00      0.29730E+03      0.29726E+03               41
      0.65012E+00      0.27185E+03      0.27182E+03               52
      0.68076E+00      0.37613E+03      0.37608E+03               68
      0.69661E+00      0.35223E+03      0.35219E+03               36
      0.71284E+00      0.29263E+03      0.29259E+03               52
      0.72944E+00      0.31328E+03      0.31324E+03               24
      0.74644E+00      0.35560E+03      0.35555E+03               81
      0.76382E+00      0.32503E+03      0.32498E+03               40
      0.78161E+00      0.30393E+03      0.30387E+03               88
      0.79982E+00      0.35827E+03      0.35821E+03               48
      0.81845E+00      0.35105E+03      0.35098E+03               52
      0.83751E+00      0.27948E+03      0.27942E+03               88
      0.85702E+00      0.35924E+03      0.35916E+03              109
      0.87699E+00      0.27686E+03      0.27680E+03               88
      0.89741E+00      0.26260E+03      0.26254E+03               44
      0.91832E+00      0.28753E+03      0.28746E+03              120
      0.93971E+00      0.30860E+03      0.30852E+03               84
      0.96160E+00      0.28514E+03      0.28507E+03              133
      0.98399E+00      0.23513E+03      0.23507E+03              116
      0.10069E+01      0.25890E+03      0.25883E+03              176
      0.10304E+01      0.22748E+03      0.22742E+03               72
      0.10544E+01      0.26459E+03      0.26451E+03              132
      0.10789E+01      0.24325E+03      0.24318E+03              173
      0.11041E+01      0.23951E+03      0.23943E+03              180
      0.11298E+01      0.22039E+03      0.22032E+03              172
      0.11561E+01      0.23716E+03      0.23707E+03              188
      0.11830E+01      0.18953E+03      0.18946E+03              209
      0.12106E+01      0.22042E+03      0.22033E+03              244
      0.12388E+01      0.22221E+03      0.22211E+03              260
      0.12676E+01      0.18519E+03      0.18511E+03              149
      0.12972E+01      0.19593E+03      0.19584E+03              348
      0.13274E+01      0.21147E+03      0.21137E+03              296
      0.13583E+01      0.17638E+03      0.17629E+03              280
      0.13899E+01      0.17503E+03      0.17494E+03              369
      0.14223E+01      0.20298E+03      0.20287E+03              324
      0.14554E+01      0.18956E+03      0.18945E+03              416
      0.14893E+01      0.17224E+03      0.17213E+03              357
      0.15240E+01      0.19221E+03      0.19209E+03              424
      0.15595E+01      0.17296E+03      0.17285E+03              488
      0.15959E+01      0.17618E+03      0.17606E+03              529
      0.16330E+01      0.16667E+03      0.16655E+03              504
      0.16711E+01      0.15493E+03      0.15481E+03              680
      0.17100E+01      0.15298E+03      0.15286E+03              525
      0.17498E+01      0.15042E+03      0.15030E+03              704
      0.17906E+01      0.14272E+03      0.14259E+03              592
      0.18323E+01      0.13651E+03      0.13638E+03              829
      0.18750E+01      0.13882E+03      0.13869E+03              824
      0.19186E+01      0.13815E+03      0.13801E+03              905
      0.19633E+01      0.12957E+03      0.12943E+03              896
      0.20091E+01      0.12718E+03      0.12704E+03              977
      0.20559E+01      0.12265E+03      0.12251E+03             1088
      0.21037E+01      0.11688E+03      0.11673E+03             1156
      0.21527E+01      0.10641E+03      0.10627E+03             1141
      0.22029E+01      0.10636E+03      0.10622E+03             1316
      0.22542E+01      0.10137E+03      0.10123E+03             1377
      0.23067E+01      0.10095E+03      0.10080E+03             1512
      0.23604E+01      0.96543E+02      0.96394E+02             1681
      0.24154E+01      0.95915E+02      0.95761E+02             1640
      0.24717E+01      0.87257E+02      0.87110E+02             1981
      0.25293E+01      0.86864E+02      0.86711E+02             1812
      0.25882E+01      0.83422E+02      0.83268E+02             2225
      0.26485E+01      0.81206E+02      0.81049E+02             2273
      0.27101E+01      0.76009E+02      0.75855E+02             2328
      0.27733E+01      0.75448E+02      0.75288E+02             2613
      0.28379E+01      0.71426E+02      0.71268E+02             2640
      0.29040E+01      0.68011E+02      0.67854E+02             3173
      0.29716E+01      0.65471E+02      0.65312E+02             3173
      0.30408E+01      0.61688E+02      0.61531E+02             3296
      0.31117E+01      0.59883E+02      0.59723E+02             3769
      0.31841E+01      0.57135E+02      0.56976E+02             3857
      0.32583E+01      0.55378E+02      0.55216E+02             4288
      0.33342E+01      0.53180E+02      0.53017E+02             4317
      0.34119E+01      0.51169E+02      0.51005E+02             4933
      0.34913E+01      0.49444E+02      0.49278E+02             4957
      0.35727E+01      0.47072E+02      0.46906E+02             5632
      0.36559E+01      0.45660E+02      0.45492E+02             5877
      0.37410E+01      0.43034E+02      0.42868E+02             6369
      0.38282E+01      0.42314E+02      0.42143E+02             6885
      0.39173E+01      0.39913E+02      0.39744E+02             7165
      0.40086E+01      0.38225E+02      0.38056E+02             7733
      0.41020E+01      0.36960E+02      0.36789E+02             8212
      0.41975E+01      0.35990E+02      0.35815E+02             8925
      0.42953E+01      0.34334E+02      0.34160E+02             9817
      0.43953E+01      0.33395E+02      0.33217E+02            10097
      0.44977E+01      0.32358E+02      0.32178E+02            11241
      0.46025E+01      0.30701E+02      0.30522E+02            11585
      0.47097E+01      0.29657E+02      0.29476E+02            12693
      0.48194E+01      0.28459E+02      0.28277E+02            13449
      0.49317E+01      0.27389E+02      0.27206E+02            14453
      0.50465E+01      0.26165E+02      0.25981E+02            15333
      0.51641E+01      0.25212E+02      0.25027E+02            16713
      0.52844E+01      0.24291E+02      0.24105E+02            17738
      0.54074E+01      0.22952E+02      0.22768E+02            19409
      0.55334E+01      0.22500E+02      0.22310E+02            20369
      0.56623E+01      0.21714E+02      0.21523E+02            21469
      0.57942E+01      0.20209E+02      0.20023E+02            23417
      0.59291E+01      0.19484E+02      0.19296E+02            25502
      0.60673E+01      0.18489E+02      0.18302E+02            26657
      0.62086E+01      0.17761E+02      0.17573E+02            28789
      0.63532E+01      0.16891E+02      0.16703E+02            31182
      0.65012E+01      0.16230E+02      0.16042E+02            32561
      0.66526E+01      0.15593E+02      0.15403E+02            35658
      0.68076E+01      0.14958E+02      0.14767E+02            37573
      0.69661E+01      0.14220E+02      0.14031E+02            40878
      0.71284E+01      0.13639E+02      0.13449E+02            43305
      0.72944E+01      0.13001E+02      0.12811E+02            46874
      0.74644E+01      0.12342E+02      0.12154E+02            49785
      0.76382E+01      0.11791E+02      0.11603E+02            53410
      0.78161E+01      0.11292E+02      0.11103E+02            57486
      0.79982E+01      0.10792E+02      0.10603E+02            61845
      0.81845E+01      0.10307E+02      0.10118E+02            65234
      0.83751E+01      0.98383E+01      0.96495E+01            71126
      0.85702E+01      0.94492E+01      0.92594E+01            75154
      0.87699E+01      0.90510E+01      0.88607E+01            80746
      0.89741E+01      0.87163E+01      0.85246E+01            86890
      0.91832E+01      0.83453E+01      0.81532E+01            92098
      0.93971E+01      0.79800E+01      0.77878E+01           100266
      0.96160E+01      0.76119E+01      0.74199E+01           106154
      0.98399E+01      0.72506E+01      0.70593E+01           114774
      0.10069E+02      0.69272E+01      0.67358E+01           122110
      0.10304E+02      0.66565E+01      0.64640E+01           131438
      0.10544E+02      0.63438E+01      0.61519E+01           139866
      0.10789E+02      0.60204E+01      0.58298E+01           151019
      0.11041E+02      0.57404E+01      0.55502E+01           161410
      0.11298E+02      0.54799E+01      0.52899E+01           172807
      0.11561E+02      0.51785E+01      0.49906E+01           184934
      0.11830E+02      0.49405E+01      0.47529E+01           198643
      0.12106E+02      0.47080E+01      0.45210E+01           212678
      0.12388E+02      0.44978E+01      0.43109E+01           227611
      0.12676E+02      0.42859E+01      0.40996E+01           244147
      0.12972E+02      0.40767E+01      0.38913E+01           260479
      0.13274E+02      0.38858E+01      0.37010E+01           279698
      0.13583E+02      0.37061E+01      0.35217E+01           300579
      0.13899E+02      0.35301E+01      0.33463E+01           321511
      0.14223E+02      0.33491E+01      0.31668E+01           345027
      0.14554E+02      0.32007E+01      0.30184E+01           368812
      0.14893E+02      0.30353E+01      0.28545E+01           395335
      0.15240E+02      0.28793E+01      0.27000E+01           423263
      0.15595E+02      0.27523E+01      0.25730E+01           454035
      0.15959E+02      0.26047E+01      0.24273E+01           485816
      0.16330E+02      0.24704E+01      0.22944E+01           522055
      0.16711E+02      0.23393E+01      0.21651E+01           558220
      0.17100E+02      0.22267E+01      0.20534E+01           598052
      0.17498E+02      0.21184E+01      0.19460E+01           641167
      0.17906E+02      0.20132E+01      0.18420E+01           685832
      0.18323E+02      0.19127E+01      0.17426E+01           736364
      0.18750E+02      0.18199E+01      0.16507E+01           788412
      0.19186E+02      0.17234E+01      0.15560E+01           844716
      0.19633E+02      0.16399E+01      0.14735E+01           904801
      0.20091E+02      0.15593E+01      0.13940E+01           969652
      0.20559E+02      0.14764E+01      0.13128E+01          1037732
      0.21037E+02      0.14018E+01      0.12396E+01          1115457
      0.21527E+02      0.13289E+01      0.11683E+01          1192141
      0.22029E+02      0.12637E+01      0.11042E+01          1278112
      0.22542E+02      0.11988E+01      0.10407E+01          1368325
      0.23067E+02      0.11376E+01      0.98101E+00          1468101
      0.23604E+02      0.10786E+01      0.92362E+00          1571857
      0.24154E+02      0.10222E+01      0.86886E+00          1682734
      0.24717E+02      0.96854E+00      0.81691E+00          1807553
      0.25293E+02      0.91783E+00      0.76789E+00          1931805
      0.25882E+02      0.86919E+00      0.72104E+00          2072138
      0.26485E+02      0.82264E+00      0.67636E+00          2220138
      0.27101E+02      0.77980E+00      0.63518E+00          2380370
      0.27733E+02      0.73905E+00      0.59612E+00          2546650
      0.28379E+02      0.70206E+00      0.56050E+00          2731658
      0.29040E+02      0.66502E+00      0.52525E+00          2926086
      0.29716E+02      0.62983E+00      0.49186E+00          3134654
      0.30408E+02      0.59639E+00      0.46027E+00          3359099
      0.31117E+02      0.56497E+00      0.43064E+00          3600151
      0.31841E+02      0.53487E+00      0.40242E+00          3853566
      0.32583E+02      0.50628E+00      0.37574E+00          4133816
      0.33342E+02      0.47944E+00      0.35076E+00          4427783
      0.34119E+02      0.45243E+00      0.32606E+00          4744931
      0.34913E+02      0.42783E+00      0.30351E+00          5083472
      0.35727E+02      0.40497E+00      0.28257E+00          5446551
      0.36559E+02      0.38403E+00      0.26335E+00          5837760
      0.37410E+02      0.36396E+00      0.24507E+00          6250688
      0.38282E+02      0.34541E+00      0.22817E+00          6699829
      0.39173E+02      0.32789E+00      0.21229E+00          7182600
      0.40086E+02      0.31146E+00      0.19744E+00          7689353
      0.41020E+02      0.29611E+00      0.18360E+00          8243033
      0.41975E+02      0.28225E+00      0.17098E+00          8831621
      0.42953E+02      0.26880E+00      0.15890E+00          9462865
      0.43953E+02      0.25670E+00      0.14789E+00         10138637
      0.44977E+02      0.24560E+00      0.13772E+00         10866146
      0.46025E+02      0.23540E+00      0.12831E+00         11640050
      0.47097E+02      0.22606E+00      0.11959E+00         12474630
      0.48194E+02      0.21794E+00      0.11172E+00         13362283
