    Lbox (cMpc) =  58.909796153507
  ngrid (cells) =     1024
           aexp =   0.500677359946
             h0 =   0.677399992943
             ns =   0.966700017452
         sigma8 =   0.815900027752
        Omega_l =   0.691100001335
        Omega_m =   0.308899998665
        Omega_b =   0.048599999398
        Omega_k =   0.000000000000
--------------------------------------------------------------------------------------
        FFTtype =     powerspectrum
      ShotNoise =                 0
           var1 = totalmass_overdens
           var2 =              empty
           var3 =              empty
  neff1 (count) =     182126400.62
  neff2 (count) =    1073741824.00
  neff3 (count) =    1073741824.00
--------------------------------------------------------------------------------------
       k (Mpc^-1)        P (Mpc^3) P-NoCorr (Mpc^3)  nmodes (counts)
--------------------------------------------------------------------------------------
      0.10789E+00      0.11347E+04      0.11347E+04                5
      0.15240E+00      0.16545E+04      0.16545E+04                8
      0.18323E+00      0.35226E+03      0.35226E+03                4
      0.21527E+00      0.97314E+03      0.97312E+03                5
      0.23604E+00      0.42073E+03      0.42072E+03               16
      0.25882E+00      0.55643E+03      0.55642E+03               12
      0.30408E+00      0.54128E+03      0.54127E+03                8
      0.31841E+00      0.64147E+03      0.64145E+03               17
      0.34119E+00      0.48251E+03      0.48250E+03               16
      0.35727E+00      0.43431E+03      0.43429E+03               12
      0.36559E+00      0.34034E+03      0.34032E+03                4
      0.38282E+00      0.16222E+03      0.16221E+03               16
      0.40086E+00      0.37234E+03      0.37232E+03               24
      0.42953E+00      0.17627E+03      0.17626E+03                5
      0.43953E+00      0.44689E+03      0.44686E+03               28
      0.44977E+00      0.27724E+03      0.27723E+03               20
      0.46025E+00      0.18449E+03      0.18448E+03               12
      0.48194E+00      0.24999E+03      0.24998E+03               16
      0.49317E+00      0.30304E+03      0.30302E+03               24
      0.50465E+00      0.87314E+02      0.87308E+02               12
      0.52844E+00      0.26912E+03      0.26910E+03               33
      0.54074E+00      0.16582E+03      0.16581E+03               40
      0.55334E+00      0.25395E+03      0.25393E+03               16
      0.57942E+00      0.19887E+03      0.19885E+03               64
      0.60673E+00      0.19935E+03      0.19933E+03               32
      0.62086E+00      0.23005E+03      0.23002E+03               28
      0.63532E+00      0.16177E+03      0.16175E+03               41
      0.65012E+00      0.14697E+03      0.14695E+03               52
      0.68076E+00      0.16276E+03      0.16273E+03               68
      0.69661E+00      0.17844E+03      0.17841E+03               36
      0.71284E+00      0.15312E+03      0.15309E+03               52
      0.72944E+00      0.17723E+03      0.17720E+03               24
      0.74644E+00      0.17517E+03      0.17514E+03               81
      0.76382E+00      0.15129E+03      0.15127E+03               40
      0.78161E+00      0.14349E+03      0.14347E+03               88
      0.79982E+00      0.15165E+03      0.15162E+03               48
      0.81845E+00      0.15207E+03      0.15204E+03               52
      0.83751E+00      0.13503E+03      0.13501E+03               88
      0.85702E+00      0.15148E+03      0.15145E+03              109
      0.87699E+00      0.11423E+03      0.11421E+03               88
      0.89741E+00      0.11604E+03      0.11602E+03               44
      0.91832E+00      0.12144E+03      0.12141E+03              120
      0.93971E+00      0.13901E+03      0.13897E+03               84
      0.96160E+00      0.11356E+03      0.11353E+03              133
      0.98399E+00      0.97974E+02      0.97948E+02              116
      0.10069E+01      0.10791E+03      0.10788E+03              176
      0.10304E+01      0.98069E+02      0.98040E+02               72
      0.10544E+01      0.10140E+03      0.10136E+03              132
      0.10789E+01      0.97143E+02      0.97112E+02              173
      0.11041E+01      0.10002E+03      0.99990E+02              180
      0.11298E+01      0.94057E+02      0.94024E+02              172
      0.11561E+01      0.94579E+02      0.94544E+02              188
      0.11830E+01      0.78429E+02      0.78399E+02              209
      0.12106E+01      0.85110E+02      0.85075E+02              244
      0.12388E+01      0.94530E+02      0.94490E+02              260
      0.12676E+01      0.76219E+02      0.76186E+02              149
      0.12972E+01      0.75694E+02      0.75659E+02              348
      0.13274E+01      0.77861E+02      0.77823E+02              296
      0.13583E+01      0.80261E+02      0.80220E+02              280
      0.13899E+01      0.71553E+02      0.71515E+02              369
      0.14223E+01      0.76363E+02      0.76320E+02              324
      0.14554E+01      0.75205E+02      0.75161E+02              416
      0.14893E+01      0.72171E+02      0.72126E+02              357
      0.15240E+01      0.69670E+02      0.69626E+02              424
      0.15595E+01      0.63846E+02      0.63804E+02              488
      0.15959E+01      0.65738E+02      0.65692E+02              529
      0.16330E+01      0.62556E+02      0.62510E+02              504
      0.16711E+01      0.57196E+02      0.57152E+02              680
      0.17100E+01      0.59781E+02      0.59732E+02              525
      0.17498E+01      0.61090E+02      0.61039E+02              704
      0.17906E+01      0.61265E+02      0.61211E+02              592
      0.18323E+01      0.56719E+02      0.56667E+02              829
      0.18750E+01      0.55350E+02      0.55296E+02              824
      0.19186E+01      0.53543E+02      0.53489E+02              905
      0.19633E+01      0.51924E+02      0.51868E+02              896
      0.20091E+01      0.51547E+02      0.51489E+02              977
      0.20559E+01      0.50370E+02      0.50311E+02             1088
      0.21037E+01      0.47238E+02      0.47180E+02             1156
      0.21527E+01      0.48360E+02      0.48298E+02             1141
      0.22029E+01      0.44337E+02      0.44277E+02             1316
      0.22542E+01      0.45554E+02      0.45490E+02             1377
      0.23067E+01      0.45262E+02      0.45195E+02             1512
      0.23604E+01      0.42703E+02      0.42637E+02             1681
      0.24154E+01      0.41137E+02      0.41071E+02             1640
      0.24717E+01      0.40049E+02      0.39982E+02             1981
      0.25293E+01      0.40559E+02      0.40487E+02             1812
      0.25882E+01      0.38147E+02      0.38077E+02             2225
      0.26485E+01      0.36465E+02      0.36394E+02             2273
      0.27101E+01      0.36161E+02      0.36087E+02             2328
      0.27733E+01      0.35267E+02      0.35192E+02             2613
      0.28379E+01      0.35040E+02      0.34963E+02             2640
      0.29040E+01      0.33542E+02      0.33464E+02             3173
      0.29716E+01      0.32745E+02      0.32666E+02             3173
      0.30408E+01      0.31497E+02      0.31417E+02             3296
      0.31117E+01      0.30577E+02      0.30496E+02             3769
      0.31841E+01      0.28776E+02      0.28695E+02             3857
      0.32583E+01      0.27964E+02      0.27882E+02             4288
      0.33342E+01      0.26918E+02      0.26835E+02             4317
      0.34119E+01      0.26214E+02      0.26130E+02             4933
      0.34913E+01      0.25585E+02      0.25499E+02             4957
      0.35727E+01      0.24152E+02      0.24067E+02             5632
      0.36559E+01      0.23580E+02      0.23493E+02             5877
      0.37410E+01      0.22802E+02      0.22714E+02             6369
      0.38282E+01      0.21706E+02      0.21619E+02             6885
      0.39173E+01      0.20237E+02      0.20152E+02             7165
      0.40086E+01      0.20260E+02      0.20171E+02             7733
      0.41020E+01      0.19366E+02      0.19276E+02             8212
      0.41975E+01      0.18761E+02      0.18671E+02             8925
      0.42953E+01      0.17696E+02      0.17606E+02             9817
      0.43953E+01      0.17378E+02      0.17286E+02            10097
      0.44977E+01      0.16483E+02      0.16391E+02            11241
      0.46025E+01      0.15957E+02      0.15864E+02            11585
      0.47097E+01      0.15417E+02      0.15323E+02            12693
      0.48194E+01      0.14762E+02      0.14667E+02            13449
      0.49317E+01      0.14488E+02      0.14391E+02            14453
      0.50465E+01      0.13598E+02      0.13503E+02            15333
      0.51641E+01      0.13343E+02      0.13246E+02            16713
      0.52844E+01      0.12619E+02      0.12522E+02            17738
      0.54074E+01      0.12365E+02      0.12266E+02            19409
      0.55334E+01      0.11815E+02      0.11716E+02            20369
      0.56623E+01      0.11505E+02      0.11403E+02            21469
      0.57942E+01      0.10750E+02      0.10651E+02            23417
      0.59291E+01      0.10525E+02      0.10423E+02            25502
      0.60673E+01      0.99969E+01      0.98958E+01            26657
      0.62086E+01      0.95602E+01      0.94590E+01            28789
      0.63532E+01      0.91132E+01      0.90122E+01            31182
      0.65012E+01      0.88496E+01      0.87469E+01            32561
      0.66526E+01      0.84890E+01      0.83859E+01            35658
      0.68076E+01      0.80809E+01      0.79781E+01            37573
      0.69661E+01      0.78589E+01      0.77543E+01            40878
      0.71284E+01      0.74477E+01      0.73440E+01            43305
      0.72944E+01      0.71610E+01      0.70566E+01            46874
      0.74644E+01      0.68873E+01      0.67821E+01            49785
      0.76382E+01      0.66438E+01      0.65376E+01            53410
      0.78161E+01      0.63728E+01      0.62662E+01            57486
      0.79982E+01      0.60924E+01      0.59857E+01            61845
      0.81845E+01      0.58025E+01      0.56961E+01            65234
      0.83751E+01      0.55044E+01      0.53988E+01            71126
      0.85702E+01      0.52903E+01      0.51841E+01            75154
      0.87699E+01      0.50743E+01      0.49676E+01            80746
      0.89741E+01      0.48485E+01      0.47418E+01            86890
      0.91832E+01      0.46841E+01      0.45763E+01            92098
      0.93971E+01      0.44560E+01      0.43487E+01           100266
      0.96160E+01      0.42594E+01      0.41520E+01           106154
      0.98399E+01      0.40949E+01      0.39868E+01           114774
      0.10069E+02      0.39000E+01      0.37922E+01           122110
      0.10304E+02      0.37527E+01      0.36442E+01           131438
      0.10544E+02      0.35977E+01      0.34889E+01           139866
      0.10789E+02      0.34342E+01      0.33255E+01           151019
      0.11041E+02      0.32784E+01      0.31698E+01           161410
      0.11298E+02      0.31428E+01      0.30338E+01           172807
      0.11561E+02      0.30090E+01      0.28998E+01           184934
      0.11830E+02      0.28773E+01      0.27681E+01           198643
      0.12106E+02      0.27493E+01      0.26401E+01           212678
      0.12388E+02      0.26197E+01      0.25108E+01           227611
      0.12676E+02      0.25175E+01      0.24080E+01           244147
      0.12972E+02      0.24148E+01      0.23050E+01           260479
      0.13274E+02      0.23121E+01      0.22021E+01           279698
      0.13583E+02      0.21994E+01      0.20899E+01           300579
      0.13899E+02      0.21097E+01      0.19999E+01           321511
      0.14223E+02      0.20092E+01      0.18998E+01           345027
      0.14554E+02      0.19211E+01      0.18117E+01           368812
      0.14893E+02      0.18458E+01      0.17358E+01           395335
      0.15240E+02      0.17611E+01      0.16514E+01           423263
      0.15595E+02      0.16808E+01      0.15713E+01           454035
      0.15959E+02      0.16080E+01      0.14985E+01           485816
      0.16330E+02      0.15400E+01      0.14303E+01           522055
      0.16711E+02      0.14730E+01      0.13633E+01           558220
      0.17100E+02      0.14152E+01      0.13050E+01           598052
      0.17498E+02      0.13477E+01      0.12380E+01           641167
      0.17906E+02      0.12902E+01      0.11805E+01           685832
      0.18323E+02      0.12358E+01      0.11259E+01           736364
      0.18750E+02      0.11808E+01      0.10710E+01           788412
      0.19186E+02      0.11275E+01      0.10180E+01           844716
      0.19633E+02      0.10812E+01      0.97146E+00           904801
      0.20091E+02      0.10332E+01      0.92361E+00           969652
      0.20559E+02      0.99014E+00      0.88045E+00          1037732
      0.21037E+02      0.94517E+00      0.83579E+00          1115457
      0.21527E+02      0.90338E+00      0.79418E+00          1192141
      0.22029E+02      0.86231E+00      0.75345E+00          1278112
      0.22542E+02      0.82394E+00      0.71532E+00          1368325
      0.23067E+02      0.78820E+00      0.67970E+00          1468101
      0.23604E+02      0.75396E+00      0.64561E+00          1571857
      0.24154E+02      0.72251E+00      0.61413E+00          1682734
      0.24717E+02      0.68894E+00      0.58108E+00          1807553
      0.25293E+02      0.65804E+00      0.55053E+00          1931805
      0.25882E+02      0.62940E+00      0.52212E+00          2072138
      0.26485E+02      0.60171E+00      0.49472E+00          2220138
      0.27101E+02      0.57410E+00      0.46762E+00          2380370
      0.27733E+02      0.54882E+00      0.44268E+00          2546650
      0.28379E+02      0.52436E+00      0.41862E+00          2731658
      0.29040E+02      0.50133E+00      0.39595E+00          2926086
      0.29716E+02      0.47968E+00      0.37459E+00          3134654
      0.30408E+02      0.45910E+00      0.35430E+00          3359099
      0.31117E+02      0.43808E+00      0.33391E+00          3600151
      0.31841E+02      0.41757E+00      0.31416E+00          3853566
      0.32583E+02      0.39896E+00      0.29609E+00          4133816
      0.33342E+02      0.38284E+00      0.28008E+00          4427783
      0.34119E+02      0.36611E+00      0.26385E+00          4744931
      0.34913E+02      0.34979E+00      0.24813E+00          5083472
      0.35727E+02      0.33575E+00      0.23427E+00          5446551
      0.36559E+02      0.32161E+00      0.22054E+00          5837760
      0.37410E+02      0.30804E+00      0.20741E+00          6250688
      0.38282E+02      0.29542E+00      0.19515E+00          6699829
      0.39173E+02      0.28316E+00      0.18333E+00          7182600
      0.40086E+02      0.27179E+00      0.17229E+00          7689353
      0.41020E+02      0.26184E+00      0.16235E+00          8243033
      0.41975E+02      0.25118E+00      0.15216E+00          8831621
      0.42953E+02      0.24165E+00      0.14284E+00          9462865
      0.43953E+02      0.23327E+00      0.13439E+00         10138637
      0.44977E+02      0.22477E+00      0.12604E+00         10866146
      0.46025E+02      0.21758E+00      0.11859E+00         11640050
      0.47097E+02      0.21092E+00      0.11158E+00         12474630
      0.48194E+02      0.20535E+00      0.10527E+00         13362283
