    Lbox (cMpc) =  58.909796153507
  ngrid (cells) =     1024
           aexp =   0.500677359946
             h0 =   0.677399992943
             ns =   0.966700017452
         sigma8 =   0.815900027752
        Omega_l =   0.691100001335
        Omega_m =   0.308899998665
        Omega_b =   0.048599999398
        Omega_k =   0.000000000000
--------------------------------------------------------------------------------------
        FFTtype =     powerspectrum
      ShotNoise =                 0
           var1 = totalmass_overdens
           var2 =              empty
           var3 =              empty
  neff1 (count) =     134217728.00
  neff2 (count) =    1073741824.00
  neff3 (count) =    1073741824.00
--------------------------------------------------------------------------------------
       k (Mpc^-1)        P (Mpc^3) P-NoCorr (Mpc^3)  nmodes (counts)
--------------------------------------------------------------------------------------
      0.10789E+00      0.11348E+04      0.11348E+04                5
      0.15240E+00      0.16545E+04      0.16545E+04                8
      0.18323E+00      0.35226E+03      0.35225E+03                4
      0.21527E+00      0.97309E+03      0.97308E+03                5
      0.23604E+00      0.42075E+03      0.42074E+03               16
      0.25882E+00      0.55640E+03      0.55639E+03               12
      0.30408E+00      0.54119E+03      0.54117E+03                8
      0.31841E+00      0.64133E+03      0.64131E+03               17
      0.34119E+00      0.48249E+03      0.48247E+03               16
      0.35727E+00      0.43425E+03      0.43424E+03               12
      0.36559E+00      0.34030E+03      0.34028E+03                4
      0.38282E+00      0.16219E+03      0.16219E+03               16
      0.40086E+00      0.37214E+03      0.37212E+03               24
      0.42953E+00      0.17634E+03      0.17633E+03                5
      0.43953E+00      0.44675E+03      0.44673E+03               28
      0.44977E+00      0.27710E+03      0.27708E+03               20
      0.46025E+00      0.18441E+03      0.18440E+03               12
      0.48194E+00      0.24983E+03      0.24982E+03               16
      0.49317E+00      0.30289E+03      0.30287E+03               24
      0.50465E+00      0.87241E+02      0.87235E+02               12
      0.52844E+00      0.26901E+03      0.26899E+03               33
      0.54074E+00      0.16569E+03      0.16568E+03               40
      0.55334E+00      0.25380E+03      0.25378E+03               16
      0.57942E+00      0.19870E+03      0.19868E+03               64
      0.60673E+00      0.19922E+03      0.19920E+03               32
      0.62086E+00      0.22979E+03      0.22977E+03               28
      0.63532E+00      0.16168E+03      0.16166E+03               41
      0.65012E+00      0.14683E+03      0.14682E+03               52
      0.68076E+00      0.16256E+03      0.16254E+03               68
      0.69661E+00      0.17828E+03      0.17826E+03               36
      0.71284E+00      0.15288E+03      0.15286E+03               52
      0.72944E+00      0.17699E+03      0.17697E+03               24
      0.74644E+00      0.17498E+03      0.17495E+03               81
      0.76382E+00      0.15113E+03      0.15111E+03               40
      0.78161E+00      0.14334E+03      0.14331E+03               88
      0.79982E+00      0.15148E+03      0.15145E+03               48
      0.81845E+00      0.15165E+03      0.15162E+03               52
      0.83751E+00      0.13500E+03      0.13498E+03               88
      0.85702E+00      0.15126E+03      0.15123E+03              109
      0.87699E+00      0.11408E+03      0.11406E+03               88
      0.89741E+00      0.11588E+03      0.11586E+03               44
      0.91832E+00      0.12135E+03      0.12132E+03              120
      0.93971E+00      0.13871E+03      0.13867E+03               84
      0.96160E+00      0.11329E+03      0.11326E+03              133
      0.98399E+00      0.97761E+02      0.97735E+02              116
      0.10069E+01      0.10775E+03      0.10772E+03              176
      0.10304E+01      0.97696E+02      0.97667E+02               72
      0.10544E+01      0.10113E+03      0.10110E+03              132
      0.10789E+01      0.96909E+02      0.96878E+02              173
      0.11041E+01      0.99698E+02      0.99664E+02              180
      0.11298E+01      0.93882E+02      0.93849E+02              172
      0.11561E+01      0.94249E+02      0.94215E+02              188
      0.11830E+01      0.78165E+02      0.78134E+02              209
      0.12106E+01      0.84875E+02      0.84841E+02              244
      0.12388E+01      0.94274E+02      0.94234E+02              260
      0.12676E+01      0.75955E+02      0.75921E+02              149
      0.12972E+01      0.75495E+02      0.75461E+02              348
      0.13274E+01      0.77679E+02      0.77641E+02              296
      0.13583E+01      0.79866E+02      0.79825E+02              280
      0.13899E+01      0.71185E+02      0.71147E+02              369
      0.14223E+01      0.76039E+02      0.75997E+02              324
      0.14554E+01      0.74913E+02      0.74869E+02              416
      0.14893E+01      0.71777E+02      0.71733E+02              357
      0.15240E+01      0.69411E+02      0.69367E+02              424
      0.15595E+01      0.63457E+02      0.63414E+02              488
      0.15959E+01      0.65421E+02      0.65375E+02              529
      0.16330E+01      0.62131E+02      0.62085E+02              504
      0.16711E+01      0.56804E+02      0.56761E+02              680
      0.17100E+01      0.59315E+02      0.59267E+02              525
      0.17498E+01      0.60500E+02      0.60449E+02              704
      0.17906E+01      0.60838E+02      0.60785E+02              592
      0.18323E+01      0.56277E+02      0.56225E+02              829
      0.18750E+01      0.54857E+02      0.54804E+02              824
      0.19186E+01      0.53074E+02      0.53020E+02              905
      0.19633E+01      0.51460E+02      0.51405E+02              896
      0.20091E+01      0.51096E+02      0.51039E+02              977
      0.20559E+01      0.49827E+02      0.49769E+02             1088
      0.21037E+01      0.46694E+02      0.46637E+02             1156
      0.21527E+01      0.47791E+02      0.47730E+02             1141
      0.22029E+01      0.43908E+02      0.43849E+02             1316
      0.22542E+01      0.45049E+02      0.44986E+02             1377
      0.23067E+01      0.44687E+02      0.44621E+02             1512
      0.23604E+01      0.42181E+02      0.42116E+02             1681
      0.24154E+01      0.40569E+02      0.40504E+02             1640
      0.24717E+01      0.39405E+02      0.39339E+02             1981
      0.25293E+01      0.39996E+02      0.39926E+02             1812
      0.25882E+01      0.37520E+02      0.37451E+02             2225
      0.26485E+01      0.35823E+02      0.35754E+02             2273
      0.27101E+01      0.35473E+02      0.35401E+02             2328
      0.27733E+01      0.34514E+02      0.34441E+02             2613
      0.28379E+01      0.34262E+02      0.34186E+02             2640
      0.29040E+01      0.32750E+02      0.32673E+02             3173
      0.29716E+01      0.31982E+02      0.31905E+02             3173
      0.30408E+01      0.30693E+02      0.30615E+02             3296
      0.31117E+01      0.29794E+02      0.29714E+02             3769
      0.31841E+01      0.27935E+02      0.27857E+02             3857
      0.32583E+01      0.27182E+02      0.27103E+02             4288
      0.33342E+01      0.26079E+02      0.25999E+02             4317
      0.34119E+01      0.25322E+02      0.25241E+02             4933
      0.34913E+01      0.24713E+02      0.24630E+02             4957
      0.35727E+01      0.23304E+02      0.23222E+02             5632
      0.36559E+01      0.22750E+02      0.22666E+02             5877
      0.37410E+01      0.21988E+02      0.21904E+02             6369
      0.38282E+01      0.20834E+02      0.20750E+02             6885
      0.39173E+01      0.19427E+02      0.19345E+02             7165
      0.40086E+01      0.19417E+02      0.19332E+02             7733
      0.41020E+01      0.18510E+02      0.18425E+02             8212
      0.41975E+01      0.17856E+02      0.17769E+02             8925
      0.42953E+01      0.16849E+02      0.16763E+02             9817
      0.43953E+01      0.16478E+02      0.16391E+02            10097
      0.44977E+01      0.15573E+02      0.15486E+02            11241
      0.46025E+01      0.15060E+02      0.14972E+02            11585
      0.47097E+01      0.14501E+02      0.14412E+02            12693
      0.48194E+01      0.13869E+02      0.13780E+02            13449
      0.49317E+01      0.13602E+02      0.13511E+02            14453
      0.50465E+01      0.12698E+02      0.12609E+02            15333
      0.51641E+01      0.12471E+02      0.12379E+02            16713
      0.52844E+01      0.11757E+02      0.11667E+02            17738
      0.54074E+01      0.11503E+02      0.11411E+02            19409
      0.55334E+01      0.10961E+02      0.10869E+02            20369
      0.56623E+01      0.10672E+02      0.10578E+02            21469
      0.57942E+01      0.99363E+01      0.98447E+01            23417
      0.59291E+01      0.97182E+01      0.96243E+01            25502
      0.60673E+01      0.91976E+01      0.91046E+01            26657
      0.62086E+01      0.87863E+01      0.86933E+01            28789
      0.63532E+01      0.83428E+01      0.82503E+01            31182
      0.65012E+01      0.80893E+01      0.79954E+01            32561
      0.66526E+01      0.77321E+01      0.76382E+01            35658
      0.68076E+01      0.73544E+01      0.72609E+01            37573
      0.69661E+01      0.71417E+01      0.70467E+01            40878
      0.71284E+01      0.67616E+01      0.66674E+01            43305
      0.72944E+01      0.64841E+01      0.63895E+01            46874
      0.74644E+01      0.61942E+01      0.60996E+01            49785
      0.76382E+01      0.59615E+01      0.58662E+01            53410
      0.78161E+01      0.56924E+01      0.55972E+01            57486
      0.79982E+01      0.54289E+01      0.53339E+01            61845
      0.81845E+01      0.51681E+01      0.50734E+01            65234
      0.83751E+01      0.48818E+01      0.47882E+01            71126
      0.85702E+01      0.46837E+01      0.45896E+01            75154
      0.87699E+01      0.44674E+01      0.43735E+01            80746
      0.89741E+01      0.42496E+01      0.41561E+01            86890
      0.91832E+01      0.40784E+01      0.39845E+01            92098
      0.93971E+01      0.38680E+01      0.37748E+01           100266
      0.96160E+01      0.36789E+01      0.35861E+01           106154
      0.98399E+01      0.35155E+01      0.34227E+01           114774
      0.10069E+02      0.33299E+01      0.32379E+01           122110
      0.10304E+02      0.31817E+01      0.30897E+01           131438
      0.10544E+02      0.30317E+01      0.29400E+01           139866
      0.10789E+02      0.28767E+01      0.27857E+01           151019
      0.11041E+02      0.27347E+01      0.26441E+01           161410
      0.11298E+02      0.26065E+01      0.25162E+01           172807
      0.11561E+02      0.24810E+01      0.23910E+01           184934
      0.11830E+02      0.23607E+01      0.22711E+01           198643
      0.12106E+02      0.22439E+01      0.21547E+01           212678
      0.12388E+02      0.21237E+01      0.20354E+01           227611
      0.12676E+02      0.20233E+01      0.19353E+01           244147
      0.12972E+02      0.19218E+01      0.18344E+01           260479
      0.13274E+02      0.18280E+01      0.17410E+01           279698
      0.13583E+02      0.17303E+01      0.16442E+01           300579
      0.13899E+02      0.16493E+01      0.15635E+01           321511
      0.14223E+02      0.15612E+01      0.14762E+01           345027
      0.14554E+02      0.14807E+01      0.13963E+01           368812
      0.14893E+02      0.14132E+01      0.13290E+01           395335
      0.15240E+02      0.13403E+01      0.12568E+01           423263
      0.15595E+02      0.12718E+01      0.11890E+01           454035
      0.15959E+02      0.12079E+01      0.11256E+01           485816
      0.16330E+02      0.11495E+01      0.10676E+01           522055
      0.16711E+02      0.10919E+01      0.10106E+01           558220
      0.17100E+02      0.10406E+01      0.95959E+00           598052
      0.17498E+02      0.98377E+00      0.90370E+00           641167
      0.17906E+02      0.93561E+00      0.85602E+00           685832
      0.18323E+02      0.88922E+00      0.81015E+00           736364
      0.18750E+02      0.84333E+00      0.76496E+00           788412
      0.19186E+02      0.80145E+00      0.72361E+00           844716
      0.19633E+02      0.76258E+00      0.68518E+00           904801
      0.20091E+02      0.72184E+00      0.64530E+00           969652
      0.20559E+02      0.68523E+00      0.60932E+00          1037732
      0.21037E+02      0.64941E+00      0.57425E+00          1115457
      0.21527E+02      0.61543E+00      0.54103E+00          1192141
      0.22029E+02      0.58230E+00      0.50878E+00          1278112
      0.22542E+02      0.55271E+00      0.47984E+00          1368325
      0.23067E+02      0.52474E+00      0.45251E+00          1468101
      0.23604E+02      0.49708E+00      0.42565E+00          1571857
      0.24154E+02      0.47092E+00      0.40028E+00          1682734
      0.24717E+02      0.44576E+00      0.37597E+00          1807553
      0.25293E+02      0.42247E+00      0.35345E+00          1931805
      0.25882E+02      0.40004E+00      0.33185E+00          2072138
      0.26485E+02      0.37935E+00      0.31190E+00          2220138
      0.27101E+02      0.35863E+00      0.29212E+00          2380370
      0.27733E+02      0.33866E+00      0.27316E+00          2546650
      0.28379E+02      0.32068E+00      0.25602E+00          2731658
      0.29040E+02      0.30338E+00      0.23961E+00          2926086
      0.29716E+02      0.28688E+00      0.22403E+00          3134654
      0.30408E+02      0.27194E+00      0.20986E+00          3359099
      0.31117E+02      0.25725E+00      0.19608E+00          3600151
      0.31841E+02      0.24299E+00      0.18282E+00          3853566
      0.32583E+02      0.22998E+00      0.17068E+00          4133816
      0.33342E+02      0.21774E+00      0.15930E+00          4427783
      0.34119E+02      0.20590E+00      0.14839E+00          4744931
      0.34913E+02      0.19469E+00      0.13811E+00          5083472
      0.35727E+02      0.18470E+00      0.12887E+00          5446551
      0.36559E+02      0.17532E+00      0.12022E+00          5837760
      0.37410E+02      0.16634E+00      0.11200E+00          6250688
      0.38282E+02      0.15780E+00      0.10424E+00          6699829
      0.39173E+02      0.14981E+00      0.96990E-01          7182600
      0.40086E+02      0.14252E+00      0.90343E-01          7689353
      0.41020E+02      0.13576E+00      0.84173E-01          8243033
      0.41975E+02      0.12927E+00      0.78309E-01          8831621
      0.42953E+02      0.12331E+00      0.72891E-01          9462865
      0.43953E+02      0.11801E+00      0.67987E-01         10138637
      0.44977E+02      0.11279E+00      0.63250E-01         10866146
      0.46025E+02      0.10802E+00      0.58878E-01         11640050
      0.47097E+02      0.10377E+00      0.54892E-01         12474630
      0.48194E+02      0.99916E-01      0.51219E-01         13362283
