    Lbox (cMpc) =  58.909795476708
  ngrid (cells) =     1024
           aexp =   0.714322979182
             h0 =   0.677399992943
             ns =   0.966700017452
         sigma8 =   0.815900027752
        Omega_l =   0.691100001335
        Omega_m =   0.308899998665
        Omega_b =   0.048599999398
        Omega_k =   0.000000000000
--------------------------------------------------------------------------------------
        FFTtype =     powerspectrum
      ShotNoise =                 0
           var1 = totalmass_overdens
           var2 =              empty
           var3 =              empty
  neff1 (count) =     182104535.63
  neff2 (count) =    1073741824.00
  neff3 (count) =    1073741824.00
--------------------------------------------------------------------------------------
       k (Mpc^-1)        P (Mpc^3) P-NoCorr (Mpc^3)  nmodes (counts)
--------------------------------------------------------------------------------------
      0.10789E+00      0.19758E+04      0.19758E+04                5
      0.15240E+00      0.27407E+04      0.27406E+04                8
      0.18323E+00      0.66576E+03      0.66576E+03                4
      0.21527E+00      0.14874E+04      0.14874E+04                5
      0.23604E+00      0.67596E+03      0.67595E+03               16
      0.25882E+00      0.85591E+03      0.85589E+03               12
      0.30408E+00      0.86568E+03      0.86566E+03                8
      0.31841E+00      0.11244E+04      0.11244E+04               17
      0.34119E+00      0.83048E+03      0.83046E+03               16
      0.35727E+00      0.75041E+03      0.75038E+03               12
      0.36559E+00      0.67786E+03      0.67783E+03                4
      0.38282E+00      0.31741E+03      0.31740E+03               16
      0.40086E+00      0.65607E+03      0.65604E+03               24
      0.42953E+00      0.61259E+03      0.61256E+03                5
      0.43953E+00      0.80086E+03      0.80082E+03               28
      0.44977E+00      0.47999E+03      0.47996E+03               20
      0.46025E+00      0.37139E+03      0.37137E+03               12
      0.48194E+00      0.52351E+03      0.52348E+03               16
      0.49317E+00      0.63051E+03      0.63046E+03               24
      0.50465E+00      0.15516E+03      0.15515E+03               12
      0.52844E+00      0.47494E+03      0.47491E+03               33
      0.54074E+00      0.38446E+03      0.38443E+03               40
      0.55334E+00      0.46287E+03      0.46284E+03               16
      0.57942E+00      0.39637E+03      0.39633E+03               64
      0.60673E+00      0.41587E+03      0.41582E+03               32
      0.62086E+00      0.41218E+03      0.41214E+03               28
      0.63532E+00      0.29745E+03      0.29741E+03               41
      0.65012E+00      0.27194E+03      0.27191E+03               52
      0.68076E+00      0.37672E+03      0.37668E+03               68
      0.69661E+00      0.35279E+03      0.35274E+03               36
      0.71284E+00      0.29322E+03      0.29318E+03               52
      0.72944E+00      0.31330E+03      0.31326E+03               24
      0.74644E+00      0.35635E+03      0.35629E+03               81
      0.76382E+00      0.32608E+03      0.32603E+03               40
      0.78161E+00      0.30493E+03      0.30488E+03               88
      0.79982E+00      0.35944E+03      0.35937E+03               48
      0.81845E+00      0.35203E+03      0.35196E+03               52
      0.83751E+00      0.27999E+03      0.27993E+03               88
      0.85702E+00      0.36035E+03      0.36027E+03              109
      0.87699E+00      0.27835E+03      0.27829E+03               88
      0.89741E+00      0.26344E+03      0.26338E+03               44
      0.91832E+00      0.28868E+03      0.28861E+03              120
      0.93971E+00      0.30989E+03      0.30982E+03               84
      0.96160E+00      0.28636E+03      0.28628E+03              133
      0.98399E+00      0.23620E+03      0.23614E+03              116
      0.10069E+01      0.26024E+03      0.26017E+03              176
      0.10304E+01      0.22895E+03      0.22888E+03               72
      0.10544E+01      0.26590E+03      0.26582E+03              132
      0.10789E+01      0.24424E+03      0.24416E+03              173
      0.11041E+01      0.24055E+03      0.24047E+03              180
      0.11298E+01      0.22133E+03      0.22126E+03              172
      0.11561E+01      0.23821E+03      0.23812E+03              188
      0.11830E+01      0.19082E+03      0.19075E+03              209
      0.12106E+01      0.22205E+03      0.22196E+03              244
      0.12388E+01      0.22393E+03      0.22383E+03              260
      0.12676E+01      0.18683E+03      0.18674E+03              149
      0.12972E+01      0.19743E+03      0.19733E+03              348
      0.13274E+01      0.21315E+03      0.21305E+03              296
      0.13583E+01      0.17804E+03      0.17795E+03              280
      0.13899E+01      0.17688E+03      0.17678E+03              369
      0.14223E+01      0.20463E+03      0.20452E+03              324
      0.14554E+01      0.19199E+03      0.19187E+03              416
      0.14893E+01      0.17456E+03      0.17446E+03              357
      0.15240E+01      0.19480E+03      0.19467E+03              424
      0.15595E+01      0.17574E+03      0.17562E+03              488
      0.15959E+01      0.17911E+03      0.17898E+03              529
      0.16330E+01      0.16992E+03      0.16979E+03              504
      0.16711E+01      0.15793E+03      0.15781E+03              680
      0.17100E+01      0.15619E+03      0.15607E+03              525
      0.17498E+01      0.15360E+03      0.15347E+03              704
      0.17906E+01      0.14562E+03      0.14549E+03              592
      0.18323E+01      0.14023E+03      0.14010E+03              829
      0.18750E+01      0.14213E+03      0.14199E+03              824
      0.19186E+01      0.14202E+03      0.14188E+03              905
      0.19633E+01      0.13317E+03      0.13303E+03              896
      0.20091E+01      0.13097E+03      0.13083E+03              977
      0.20559E+01      0.12644E+03      0.12629E+03             1088
      0.21037E+01      0.12088E+03      0.12073E+03             1156
      0.21527E+01      0.11059E+03      0.11045E+03             1141
      0.22029E+01      0.11055E+03      0.11040E+03             1316
      0.22542E+01      0.10554E+03      0.10539E+03             1377
      0.23067E+01      0.10504E+03      0.10489E+03             1512
      0.23604E+01      0.10093E+03      0.10077E+03             1681
      0.24154E+01      0.10056E+03      0.10039E+03             1640
      0.24717E+01      0.91898E+02      0.91743E+02             1981
      0.25293E+01      0.91233E+02      0.91072E+02             1812
      0.25882E+01      0.88183E+02      0.88020E+02             2225
      0.26485E+01      0.86107E+02      0.85940E+02             2273
      0.27101E+01      0.80857E+02      0.80693E+02             2328
      0.27733E+01      0.80138E+02      0.79969E+02             2613
      0.28379E+01      0.76363E+02      0.76193E+02             2640
      0.29040E+01      0.72791E+02      0.72622E+02             3173
      0.29716E+01      0.70164E+02      0.69993E+02             3173
      0.30408E+01      0.66312E+02      0.66143E+02             3296
      0.31117E+01      0.64852E+02      0.64679E+02             3769
      0.31841E+01      0.61967E+02      0.61793E+02             3857
      0.32583E+01      0.60049E+02      0.59874E+02             4288
      0.33342E+01      0.57981E+02      0.57803E+02             4317
      0.34119E+01      0.56085E+02      0.55905E+02             4933
      0.34913E+01      0.54286E+02      0.54104E+02             4957
      0.35727E+01      0.51765E+02      0.51583E+02             5632
      0.36559E+01      0.50226E+02      0.50041E+02             5877
      0.37410E+01      0.47710E+02      0.47526E+02             6369
      0.38282E+01      0.47213E+02      0.47023E+02             6885
      0.39173E+01      0.44577E+02      0.44388E+02             7165
      0.40086E+01      0.42729E+02      0.42540E+02             7733
      0.41020E+01      0.41668E+02      0.41475E+02             8212
      0.41975E+01      0.40569E+02      0.40373E+02             8925
      0.42953E+01      0.38645E+02      0.38449E+02             9817
      0.43953E+01      0.38049E+02      0.37847E+02            10097
      0.44977E+01      0.36923E+02      0.36717E+02            11241
      0.46025E+01      0.35105E+02      0.34900E+02            11585
      0.47097E+01      0.34113E+02      0.33905E+02            12693
      0.48194E+01      0.32861E+02      0.32651E+02            13449
      0.49317E+01      0.31709E+02      0.31497E+02            14453
      0.50465E+01      0.30381E+02      0.30168E+02            15333
      0.51641E+01      0.29406E+02      0.29191E+02            16713
      0.52844E+01      0.28491E+02      0.28272E+02            17738
      0.54074E+01      0.26857E+02      0.26642E+02            19409
      0.55334E+01      0.26551E+02      0.26327E+02            20369
      0.56623E+01      0.25760E+02      0.25533E+02            21469
      0.57942E+01      0.24032E+02      0.23811E+02            23417
      0.59291E+01      0.23320E+02      0.23095E+02            25502
      0.60673E+01      0.22203E+02      0.21978E+02            26657
      0.62086E+01      0.21385E+02      0.21159E+02            28789
      0.63532E+01      0.20449E+02      0.20222E+02            31182
      0.65012E+01      0.19794E+02      0.19564E+02            32561
      0.66526E+01      0.19050E+02      0.18819E+02            35658
      0.68076E+01      0.18315E+02      0.18082E+02            37573
      0.69661E+01      0.17501E+02      0.17268E+02            40878
      0.71284E+01      0.16934E+02      0.16698E+02            43305
      0.72944E+01      0.16197E+02      0.15961E+02            46874
      0.74644E+01      0.15476E+02      0.15240E+02            49785
      0.76382E+01      0.14848E+02      0.14610E+02            53410
      0.78161E+01      0.14249E+02      0.14011E+02            57486
      0.79982E+01      0.13715E+02      0.13474E+02            61845
      0.81845E+01      0.13219E+02      0.12977E+02            65234
      0.83751E+01      0.12619E+02      0.12377E+02            71126
      0.85702E+01      0.12192E+02      0.11947E+02            75154
      0.87699E+01      0.11751E+02      0.11504E+02            80746
      0.89741E+01      0.11406E+02      0.11155E+02            86890
      0.91832E+01      0.10913E+02      0.10662E+02            92098
      0.93971E+01      0.10487E+02      0.10234E+02           100266
      0.96160E+01      0.10096E+02      0.98415E+01           106154
      0.98399E+01      0.96262E+01      0.93721E+01           114774
      0.10069E+02      0.92636E+01      0.90077E+01           122110
      0.10304E+02      0.89507E+01      0.86919E+01           131438
      0.10544E+02      0.85693E+01      0.83100E+01           139866
      0.10789E+02      0.82053E+01      0.79455E+01           151019
      0.11041E+02      0.78554E+01      0.75951E+01           161410
      0.11298E+02      0.75480E+01      0.72863E+01           172807
      0.11561E+02      0.71978E+01      0.69367E+01           184934
      0.11830E+02      0.69102E+01      0.66479E+01           198643
      0.12106E+02      0.66328E+01      0.63693E+01           212678
      0.12388E+02      0.63718E+01      0.61070E+01           227611
      0.12676E+02      0.61192E+01      0.58532E+01           244147
      0.12972E+02      0.58694E+01      0.56025E+01           260479
      0.13274E+02      0.56505E+01      0.53816E+01           279698
      0.13583E+02      0.54201E+01      0.51503E+01           300579
      0.13899E+02      0.51962E+01      0.49257E+01           321511
      0.14223E+02      0.49620E+01      0.46918E+01           345027
      0.14554E+02      0.47726E+01      0.45007E+01           368812
      0.14893E+02      0.45558E+01      0.42844E+01           395335
      0.15240E+02      0.43482E+01      0.40774E+01           423263
      0.15595E+02      0.41699E+01      0.38982E+01           454035
      0.15959E+02      0.39848E+01      0.37134E+01           485816
      0.16330E+02      0.37972E+01      0.35267E+01           522055
      0.16711E+02      0.36258E+01      0.33558E+01           558220
      0.17100E+02      0.34798E+01      0.32088E+01           598052
      0.17498E+02      0.33336E+01      0.30623E+01           641167
      0.17906E+02      0.31907E+01      0.29192E+01           685832
      0.18323E+02      0.30494E+01      0.27783E+01           736364
      0.18750E+02      0.29202E+01      0.26488E+01           788412
      0.19186E+02      0.27741E+01      0.25047E+01           844716
      0.19633E+02      0.26603E+01      0.23903E+01           904801
      0.20091E+02      0.25416E+01      0.22721E+01           969652
      0.20559E+02      0.24240E+01      0.21554E+01          1037732
      0.21037E+02      0.23143E+01      0.20465E+01          1115457
      0.21527E+02      0.22114E+01      0.19441E+01          1192141
      0.22029E+02      0.21199E+01      0.18522E+01          1278112
      0.22542E+02      0.20339E+01      0.17658E+01          1368325
      0.23067E+02      0.19506E+01      0.16822E+01          1468101
      0.23604E+02      0.18666E+01      0.15983E+01          1571857
      0.24154E+02      0.17871E+01      0.15190E+01          1682734
      0.24717E+02      0.17077E+01      0.14403E+01          1807553
      0.25293E+02      0.16319E+01      0.13653E+01          1931805
      0.25882E+02      0.15599E+01      0.12940E+01          2072138
      0.26485E+02      0.14941E+01      0.12285E+01          2220138
      0.27101E+02      0.14335E+01      0.11676E+01          2380370
      0.27733E+02      0.13757E+01      0.11097E+01          2546650
      0.28379E+02      0.13233E+01      0.10564E+01          2731658
      0.29040E+02      0.12695E+01      0.10027E+01          2926086
      0.29716E+02      0.12130E+01      0.94731E+00          3134654
      0.30408E+02      0.11638E+01      0.89814E+00          3359099
      0.31117E+02      0.11167E+01      0.85114E+00          3600151
      0.31841E+02      0.10692E+01      0.80440E+00          3853566
      0.32583E+02      0.10265E+01      0.76181E+00          4133816
      0.33342E+02      0.98622E+00      0.72151E+00          4427783
      0.34119E+02      0.94581E+00      0.68162E+00          4744931
      0.34913E+02      0.90710E+00      0.64349E+00          5083472
      0.35727E+02      0.87210E+00      0.60850E+00          5446551
      0.36559E+02      0.83991E+00      0.57595E+00          5837760
      0.37410E+02      0.80963E+00      0.54515E+00          6250688
      0.38282E+02      0.77964E+00      0.51501E+00          6699829
      0.39173E+02      0.75187E+00      0.48678E+00          7182600
      0.40086E+02      0.72694E+00      0.46081E+00          7689353
      0.41020E+02      0.70215E+00      0.43534E+00          8243033
      0.41975E+02      0.67992E+00      0.41185E+00          8831621
      0.42953E+02      0.65764E+00      0.38873E+00          9462865
      0.43953E+02      0.63869E+00      0.36795E+00         10138637
      0.44977E+02      0.62165E+00      0.34858E+00         10866146
      0.46025E+02      0.60652E+00      0.33057E+00         11640050
      0.47097E+02      0.59199E+00      0.31316E+00         12474630
      0.48194E+02      0.57939E+00      0.29700E+00         13362283
