    Lbox (cMpc) =  58.909795476708
  ngrid (cells) =     1024
           aexp =   0.714322979182
             h0 =   0.677399992943
             ns =   0.966700017452
         sigma8 =   0.815900027752
        Omega_l =   0.691100001335
        Omega_m =   0.308899998665
        Omega_b =   0.048599999398
        Omega_k =   0.000000000000
--------------------------------------------------------------------------------------
        FFTtype =     powerspectrum
      ShotNoise =                 0
           var1 = totalmass_overdens
           var2 =              empty
           var3 =              empty
  neff1 (count) =     181981682.00
  neff2 (count) =    1073741824.00
  neff3 (count) =    1073741824.00
--------------------------------------------------------------------------------------
       k (Mpc^-1)        P (Mpc^3) P-NoCorr (Mpc^3)  nmodes (counts)
--------------------------------------------------------------------------------------
      0.10789E+00      0.19755E+04      0.19755E+04                5
      0.15240E+00      0.27400E+04      0.27400E+04                8
      0.18323E+00      0.66541E+03      0.66541E+03                4
      0.21527E+00      0.14866E+04      0.14866E+04                5
      0.23604E+00      0.67498E+03      0.67497E+03               16
      0.25882E+00      0.85476E+03      0.85475E+03               12
      0.30408E+00      0.86415E+03      0.86413E+03                8
      0.31841E+00      0.11229E+04      0.11229E+04               17
      0.34119E+00      0.82919E+03      0.82916E+03               16
      0.35727E+00      0.74837E+03      0.74834E+03               12
      0.36559E+00      0.67578E+03      0.67576E+03                4
      0.38282E+00      0.31622E+03      0.31621E+03               16
      0.40086E+00      0.65367E+03      0.65364E+03               24
      0.42953E+00      0.61237E+03      0.61234E+03                5
      0.43953E+00      0.79771E+03      0.79767E+03               28
      0.44977E+00      0.47888E+03      0.47885E+03               20
      0.46025E+00      0.36963E+03      0.36960E+03               12
      0.48194E+00      0.52099E+03      0.52096E+03               16
      0.49317E+00      0.62671E+03      0.62667E+03               24
      0.50465E+00      0.15416E+03      0.15415E+03               12
      0.52844E+00      0.47211E+03      0.47207E+03               33
      0.54074E+00      0.38230E+03      0.38227E+03               40
      0.55334E+00      0.45855E+03      0.45851E+03               16
      0.57942E+00      0.39325E+03      0.39321E+03               64
      0.60673E+00      0.41213E+03      0.41209E+03               32
      0.62086E+00      0.40809E+03      0.40805E+03               28
      0.63532E+00      0.29447E+03      0.29443E+03               41
      0.65012E+00      0.26982E+03      0.26979E+03               52
      0.68076E+00      0.37266E+03      0.37262E+03               68
      0.69661E+00      0.34839E+03      0.34835E+03               36
      0.71284E+00      0.29014E+03      0.29010E+03               52
      0.72944E+00      0.30956E+03      0.30952E+03               24
      0.74644E+00      0.35118E+03      0.35113E+03               81
      0.76382E+00      0.32064E+03      0.32059E+03               40
      0.78161E+00      0.30030E+03      0.30025E+03               88
      0.79982E+00      0.35338E+03      0.35331E+03               48
      0.81845E+00      0.34685E+03      0.34679E+03               52
      0.83751E+00      0.27466E+03      0.27461E+03               88
      0.85702E+00      0.35344E+03      0.35337E+03              109
      0.87699E+00      0.27286E+03      0.27281E+03               88
      0.89741E+00      0.25808E+03      0.25802E+03               44
      0.91832E+00      0.28251E+03      0.28244E+03              120
      0.93971E+00      0.30425E+03      0.30418E+03               84
      0.96160E+00      0.27964E+03      0.27957E+03              133
      0.98399E+00      0.23011E+03      0.23005E+03              116
      0.10069E+01      0.25407E+03      0.25400E+03              176
      0.10304E+01      0.22359E+03      0.22352E+03               72
      0.10544E+01      0.25846E+03      0.25838E+03              132
      0.10789E+01      0.23768E+03      0.23761E+03              173
      0.11041E+01      0.23385E+03      0.23377E+03              180
      0.11298E+01      0.21448E+03      0.21440E+03              172
      0.11561E+01      0.23067E+03      0.23059E+03              188
      0.11830E+01      0.18468E+03      0.18461E+03              209
      0.12106E+01      0.21462E+03      0.21454E+03              244
      0.12388E+01      0.21617E+03      0.21608E+03              260
      0.12676E+01      0.17994E+03      0.17986E+03              149
      0.12972E+01      0.18964E+03      0.18955E+03              348
      0.13274E+01      0.20522E+03      0.20512E+03              296
      0.13583E+01      0.17050E+03      0.17041E+03              280
      0.13899E+01      0.16943E+03      0.16934E+03              369
      0.14223E+01      0.19619E+03      0.19608E+03              324
      0.14554E+01      0.18349E+03      0.18338E+03              416
      0.14893E+01      0.16652E+03      0.16641E+03              357
      0.15240E+01      0.18534E+03      0.18522E+03              424
      0.15595E+01      0.16667E+03      0.16655E+03              488
      0.15959E+01      0.16896E+03      0.16884E+03              529
      0.16330E+01      0.16057E+03      0.16045E+03              504
      0.16711E+01      0.14913E+03      0.14902E+03              680
      0.17100E+01      0.14728E+03      0.14716E+03              525
      0.17498E+01      0.14437E+03      0.14425E+03              704
      0.17906E+01      0.13666E+03      0.13654E+03              592
      0.18323E+01      0.13086E+03      0.13074E+03              829
      0.18750E+01      0.13236E+03      0.13224E+03              824
      0.19186E+01      0.13190E+03      0.13176E+03              905
      0.19633E+01      0.12356E+03      0.12343E+03              896
      0.20091E+01      0.12095E+03      0.12082E+03              977
      0.20559E+01      0.11637E+03      0.11624E+03             1088
      0.21037E+01      0.11110E+03      0.11097E+03             1156
      0.21527E+01      0.10133E+03      0.10120E+03             1141
      0.22029E+01      0.10080E+03      0.10067E+03             1316
      0.22542E+01      0.95969E+02      0.95835E+02             1377
      0.23067E+01      0.95621E+02      0.95480E+02             1512
      0.23604E+01      0.91407E+02      0.91266E+02             1681
      0.24154E+01      0.90563E+02      0.90417E+02             1640
      0.24717E+01      0.82509E+02      0.82370E+02             1981
      0.25293E+01      0.82030E+02      0.81885E+02             1812
      0.25882E+01      0.78417E+02      0.78273E+02             2225
      0.26485E+01      0.76379E+02      0.76231E+02             2273
      0.27101E+01      0.71440E+02      0.71295E+02             2328
      0.27733E+01      0.70907E+02      0.70756E+02             2613
      0.28379E+01      0.67216E+02      0.67067E+02             2640
      0.29040E+01      0.63941E+02      0.63792E+02             3173
      0.29716E+01      0.61308E+02      0.61159E+02             3173
      0.30408E+01      0.57723E+02      0.57576E+02             3296
      0.31117E+01      0.56145E+02      0.55995E+02             3769
      0.31841E+01      0.53579E+02      0.53430E+02             3857
      0.32583E+01      0.51641E+02      0.51490E+02             4288
      0.33342E+01      0.49796E+02      0.49643E+02             4317
      0.34119E+01      0.47778E+02      0.47625E+02             4933
      0.34913E+01      0.46111E+02      0.45956E+02             4957
      0.35727E+01      0.43894E+02      0.43740E+02             5632
      0.36559E+01      0.42573E+02      0.42416E+02             5877
      0.37410E+01      0.40283E+02      0.40128E+02             6369
      0.38282E+01      0.39580E+02      0.39420E+02             6885
      0.39173E+01      0.37297E+02      0.37140E+02             7165
      0.40086E+01      0.35674E+02      0.35516E+02             7733
      0.41020E+01      0.34678E+02      0.34517E+02             8212
      0.41975E+01      0.33652E+02      0.33489E+02             8925
      0.42953E+01      0.32139E+02      0.31976E+02             9817
      0.43953E+01      0.31348E+02      0.31181E+02            10097
      0.44977E+01      0.30409E+02      0.30240E+02            11241
      0.46025E+01      0.28826E+02      0.28658E+02            11585
      0.47097E+01      0.27954E+02      0.27783E+02            12693
      0.48194E+01      0.26868E+02      0.26696E+02            13449
      0.49317E+01      0.25896E+02      0.25723E+02            14453
      0.50465E+01      0.24767E+02      0.24594E+02            15333
      0.51641E+01      0.23868E+02      0.23693E+02            16713
      0.52844E+01      0.23059E+02      0.22882E+02            17738
      0.54074E+01      0.21726E+02      0.21551E+02            19409
      0.55334E+01      0.21439E+02      0.21259E+02            20369
      0.56623E+01      0.20773E+02      0.20590E+02            21469
      0.57942E+01      0.19308E+02      0.19130E+02            23417
      0.59291E+01      0.18688E+02      0.18508E+02            25502
      0.60673E+01      0.17761E+02      0.17582E+02            26657
      0.62086E+01      0.17070E+02      0.16889E+02            28789
      0.63532E+01      0.16303E+02      0.16122E+02            31182
      0.65012E+01      0.15736E+02      0.15553E+02            32561
      0.66526E+01      0.15120E+02      0.14936E+02            35658
      0.68076E+01      0.14482E+02      0.14298E+02            37573
      0.69661E+01      0.13808E+02      0.13624E+02            40878
      0.71284E+01      0.13327E+02      0.13142E+02            43305
      0.72944E+01      0.12755E+02      0.12569E+02            46874
      0.74644E+01      0.12119E+02      0.11934E+02            49785
      0.76382E+01      0.11626E+02      0.11440E+02            53410
      0.78161E+01      0.11145E+02      0.10959E+02            57486
      0.79982E+01      0.10681E+02      0.10494E+02            61845
      0.81845E+01      0.10262E+02      0.10074E+02            65234
      0.83751E+01      0.98103E+01      0.96221E+01            71126
      0.85702E+01      0.94454E+01      0.92557E+01            75154
      0.87699E+01      0.90984E+01      0.89072E+01            80746
      0.89741E+01      0.88154E+01      0.86215E+01            86890
      0.91832E+01      0.84361E+01      0.82419E+01            92098
      0.93971E+01      0.81039E+01      0.79087E+01           100266
      0.96160E+01      0.77907E+01      0.75942E+01           106154
      0.98399E+01      0.74050E+01      0.72095E+01           114774
      0.10069E+02      0.71203E+01      0.69236E+01           122110
      0.10304E+02      0.68545E+01      0.66563E+01           131438
      0.10544E+02      0.65485E+01      0.63504E+01           139866
      0.10789E+02      0.62647E+01      0.60663E+01           151019
      0.11041E+02      0.59806E+01      0.57825E+01           161410
      0.11298E+02      0.57311E+01      0.55324E+01           172807
      0.11561E+02      0.54450E+01      0.52475E+01           184934
      0.11830E+02      0.52045E+01      0.50070E+01           198643
      0.12106E+02      0.49970E+01      0.47985E+01           212678
      0.12388E+02      0.47901E+01      0.45911E+01           227611
      0.12676E+02      0.45914E+01      0.43917E+01           244147
      0.12972E+02      0.43948E+01      0.41950E+01           260479
      0.13274E+02      0.42182E+01      0.40175E+01           279698
      0.13583E+02      0.40539E+01      0.38521E+01           300579
      0.13899E+02      0.38748E+01      0.36731E+01           321511
      0.14223E+02      0.36949E+01      0.34937E+01           345027
      0.14554E+02      0.35523E+01      0.33500E+01           368812
      0.14893E+02      0.33878E+01      0.31860E+01           395335
      0.15240E+02      0.32263E+01      0.30253E+01           423263
      0.15595E+02      0.30869E+01      0.28858E+01           454035
      0.15959E+02      0.29464E+01      0.27457E+01           485816
      0.16330E+02      0.28043E+01      0.26046E+01           522055
      0.16711E+02      0.26715E+01      0.24726E+01           558220
      0.17100E+02      0.25588E+01      0.23596E+01           598052
      0.17498E+02      0.24482E+01      0.22489E+01           641167
      0.17906E+02      0.23434E+01      0.21441E+01           685832
      0.18323E+02      0.22342E+01      0.20356E+01           736364
      0.18750E+02      0.21390E+01      0.19402E+01           788412
      0.19186E+02      0.20302E+01      0.18330E+01           844716
      0.19633E+02      0.19442E+01      0.17469E+01           904801
      0.20091E+02      0.18631E+01      0.16656E+01           969652
      0.20559E+02      0.17783E+01      0.15813E+01          1037732
      0.21037E+02      0.16992E+01      0.15026E+01          1115457
      0.21527E+02      0.16244E+01      0.14280E+01          1192141
      0.22029E+02      0.15533E+01      0.13572E+01          1278112
      0.22542E+02      0.14858E+01      0.12900E+01          1368325
      0.23067E+02      0.14224E+01      0.12266E+01          1468101
      0.23604E+02      0.13575E+01      0.11624E+01          1571857
      0.24154E+02      0.12976E+01      0.11029E+01          1682734
      0.24717E+02      0.12397E+01      0.10457E+01          1807553
      0.25293E+02      0.11856E+01      0.99187E+00          1931805
      0.25882E+02      0.11320E+01      0.93903E+00          2072138
      0.26485E+02      0.10806E+01      0.88847E+00          2220138
      0.27101E+02      0.10359E+01      0.84376E+00          2380370
      0.27733E+02      0.98998E+00      0.79852E+00          2546650
      0.28379E+02      0.94890E+00      0.75757E+00          2731658
      0.29040E+02      0.90878E+00      0.71776E+00          2926086
      0.29716E+02      0.86588E+00      0.67620E+00          3134654
      0.30408E+02      0.82721E+00      0.63840E+00          3359099
      0.31117E+02      0.79003E+00      0.60218E+00          3600151
      0.31841E+02      0.75471E+00      0.56783E+00          3853566
      0.32583E+02      0.72104E+00      0.53513E+00          4133816
      0.33342E+02      0.69048E+00      0.50516E+00          4427783
      0.34119E+02      0.65942E+00      0.47524E+00          4744931
      0.34913E+02      0.62946E+00      0.44654E+00          5083472
      0.35727E+02      0.60167E+00      0.41982E+00          5446551
      0.36559E+02      0.57641E+00      0.39527E+00          5837760
      0.37410E+02      0.55267E+00      0.37214E+00          6250688
      0.38282E+02      0.52832E+00      0.34901E+00          6699829
      0.39173E+02      0.50508E+00      0.32701E+00          7182600
      0.40086E+02      0.48477E+00      0.30731E+00          7689353
      0.41020E+02      0.46636E+00      0.28916E+00          8243033
      0.41975E+02      0.44951E+00      0.27230E+00          8831621
      0.42953E+02      0.43170E+00      0.25519E+00          9462865
      0.43953E+02      0.41499E+00      0.23909E+00         10138637
      0.44977E+02      0.40096E+00      0.22484E+00         10866146
      0.46025E+02      0.38807E+00      0.21152E+00         11640050
      0.47097E+02      0.37630E+00      0.19907E+00         12474630
      0.48194E+02      0.36562E+00      0.18743E+00         13362283
