    Lbox (cMpc) =  58.909793673384
  ngrid (cells) =     1024
           aexp =   1.000000000000
             h0 =   0.677399992943
             ns =   0.966700017452
         sigma8 =   0.815900027752
        Omega_l =   0.691100001335
        Omega_m =   0.308899998665
        Omega_b =   0.048599999398
        Omega_k =   0.000000000000
--------------------------------------------------------------------------------------
        FFTtype =     powerspectrum
      ShotNoise =                 0
           var1 = totalmass_overdens
           var2 =              empty
           var3 =              empty
  neff1 (count) =     182073548.60
  neff2 (count) =    1073741824.00
  neff3 (count) =    1073741824.00
--------------------------------------------------------------------------------------
       k (Mpc^-1)        P (Mpc^3) P-NoCorr (Mpc^3)  nmodes (counts)
--------------------------------------------------------------------------------------
      0.10789E+00      0.29482E+04      0.29482E+04                5
      0.15240E+00      0.38985E+04      0.38985E+04                8
      0.18323E+00      0.10672E+04      0.10672E+04                4
      0.21527E+00      0.19854E+04      0.19854E+04                5
      0.23604E+00      0.94275E+03      0.94274E+03               16
      0.25882E+00      0.11371E+04      0.11371E+04               12
      0.30408E+00      0.12026E+04      0.12026E+04                8
      0.31841E+00      0.15996E+04      0.15996E+04               17
      0.34119E+00      0.12270E+04      0.12270E+04               16
      0.35727E+00      0.11090E+04      0.11090E+04               12
      0.36559E+00      0.11880E+04      0.11880E+04                4
      0.38282E+00      0.50286E+03      0.50284E+03               16
      0.40086E+00      0.93400E+03      0.93396E+03               24
      0.42953E+00      0.13577E+04      0.13577E+04                5
      0.43953E+00      0.11610E+04      0.11609E+04               28
      0.44977E+00      0.66746E+03      0.66742E+03               20
      0.46025E+00      0.62321E+03      0.62317E+03               12
      0.48194E+00      0.81099E+03      0.81094E+03               16
      0.49317E+00      0.98079E+03      0.98073E+03               24
      0.50465E+00      0.32928E+03      0.32925E+03               12
      0.52844E+00      0.67617E+03      0.67611E+03               33
      0.54074E+00      0.72190E+03      0.72184E+03               40
      0.55334E+00      0.69363E+03      0.69358E+03               16
      0.57942E+00      0.60246E+03      0.60241E+03               64
      0.60673E+00      0.73395E+03      0.73388E+03               32
      0.62086E+00      0.59713E+03      0.59707E+03               28
      0.63532E+00      0.47834E+03      0.47828E+03               41
      0.65012E+00      0.42759E+03      0.42754E+03               52
      0.68076E+00      0.62417E+03      0.62409E+03               68
      0.69661E+00      0.52168E+03      0.52161E+03               36
      0.71284E+00      0.46171E+03      0.46165E+03               52
      0.72944E+00      0.42065E+03      0.42059E+03               24
      0.74644E+00      0.49315E+03      0.49307E+03               81
      0.76382E+00      0.50852E+03      0.50843E+03               40
      0.78161E+00      0.47195E+03      0.47187E+03               88
      0.79982E+00      0.56575E+03      0.56565E+03               48
      0.81845E+00      0.50744E+03      0.50735E+03               52
      0.83751E+00      0.40396E+03      0.40388E+03               88
      0.85702E+00      0.56839E+03      0.56828E+03              109
      0.87699E+00      0.49408E+03      0.49397E+03               88
      0.89741E+00      0.44645E+03      0.44635E+03               44
      0.91832E+00      0.43526E+03      0.43516E+03              120
      0.93971E+00      0.42737E+03      0.42727E+03               84
      0.96160E+00      0.44668E+03      0.44656E+03              133
      0.98399E+00      0.40193E+03      0.40182E+03              116
      0.10069E+01      0.44907E+03      0.44895E+03              176
      0.10304E+01      0.33380E+03      0.33370E+03               72
      0.10544E+01      0.41424E+03      0.41412E+03              132
      0.10789E+01      0.42199E+03      0.42186E+03              173
      0.11041E+01      0.39684E+03      0.39671E+03              180
      0.11298E+01      0.35398E+03      0.35386E+03              172
      0.11561E+01      0.39129E+03      0.39115E+03              188
      0.11830E+01      0.34162E+03      0.34149E+03              209
      0.12106E+01      0.32819E+03      0.32806E+03              244
      0.12388E+01      0.34851E+03      0.34836E+03              260
      0.12676E+01      0.32940E+03      0.32925E+03              149
      0.12972E+01      0.31232E+03      0.31218E+03              348
      0.13274E+01      0.33354E+03      0.33338E+03              296
      0.13583E+01      0.30192E+03      0.30177E+03              280
      0.13899E+01      0.27481E+03      0.27466E+03              369
      0.14223E+01      0.30997E+03      0.30980E+03              324
      0.14554E+01      0.27339E+03      0.27324E+03              416
      0.14893E+01      0.25136E+03      0.25121E+03              357
      0.15240E+01      0.28357E+03      0.28339E+03              424
      0.15595E+01      0.26091E+03      0.26074E+03              488
      0.15959E+01      0.25747E+03      0.25729E+03              529
      0.16330E+01      0.25469E+03      0.25451E+03              504
      0.16711E+01      0.24914E+03      0.24895E+03              680
      0.17100E+01      0.24133E+03      0.24114E+03              525
      0.17498E+01      0.23738E+03      0.23718E+03              704
      0.17906E+01      0.25424E+03      0.25401E+03              592
      0.18323E+01      0.22335E+03      0.22314E+03              829
      0.18750E+01      0.20205E+03      0.20185E+03              824
      0.19186E+01      0.22516E+03      0.22494E+03              905
      0.19633E+01      0.21139E+03      0.21116E+03              896
      0.20091E+01      0.19619E+03      0.19597E+03              977
      0.20559E+01      0.19768E+03      0.19745E+03             1088
      0.21037E+01      0.19891E+03      0.19866E+03             1156
      0.21527E+01      0.17930E+03      0.17908E+03             1141
      0.22029E+01      0.17939E+03      0.17915E+03             1316
      0.22542E+01      0.17391E+03      0.17366E+03             1377
      0.23067E+01      0.16269E+03      0.16245E+03             1512
      0.23604E+01      0.15312E+03      0.15288E+03             1681
      0.24154E+01      0.15673E+03      0.15648E+03             1640
      0.24717E+01      0.15135E+03      0.15109E+03             1981
      0.25293E+01      0.14715E+03      0.14689E+03             1812
      0.25882E+01      0.14327E+03      0.14301E+03             2225
      0.26485E+01      0.14621E+03      0.14592E+03             2273
      0.27101E+01      0.13934E+03      0.13905E+03             2328
      0.27733E+01      0.13068E+03      0.13040E+03             2613
      0.28379E+01      0.12877E+03      0.12848E+03             2640
      0.29040E+01      0.12402E+03      0.12374E+03             3173
      0.29716E+01      0.11908E+03      0.11879E+03             3173
      0.30408E+01      0.11707E+03      0.11677E+03             3296
      0.31117E+01      0.11039E+03      0.11010E+03             3769
      0.31841E+01      0.10492E+03      0.10463E+03             3857
      0.32583E+01      0.10234E+03      0.10204E+03             4288
      0.33342E+01      0.98575E+02      0.98273E+02             4317
      0.34119E+01      0.96790E+02      0.96480E+02             4933
      0.34913E+01      0.92541E+02      0.92230E+02             4957
      0.35727E+01      0.85742E+02      0.85440E+02             5632
      0.36559E+01      0.83855E+02      0.83547E+02             5877
      0.37410E+01      0.81031E+02      0.80719E+02             6369
      0.38282E+01      0.76538E+02      0.76229E+02             6885
      0.39173E+01      0.76323E+02      0.76001E+02             7165
      0.40086E+01      0.73489E+02      0.73164E+02             7733
      0.41020E+01      0.70091E+02      0.69767E+02             8212
      0.41975E+01      0.68206E+02      0.67875E+02             8925
      0.42953E+01      0.65505E+02      0.65173E+02             9817
      0.43953E+01      0.61475E+02      0.61148E+02            10097
      0.44977E+01      0.59592E+02      0.59261E+02            11241
      0.46025E+01      0.57189E+02      0.56856E+02            11585
      0.47097E+01      0.54604E+02      0.54271E+02            12693
      0.48194E+01      0.52918E+02      0.52580E+02            13449
      0.49317E+01      0.50878E+02      0.50538E+02            14453
      0.50465E+01      0.48591E+02      0.48251E+02            15333
      0.51641E+01      0.47031E+02      0.46686E+02            16713
      0.52844E+01      0.44751E+02      0.44408E+02            17738
      0.54074E+01      0.42733E+02      0.42389E+02            19409
      0.55334E+01      0.41063E+02      0.40718E+02            20369
      0.56623E+01      0.40168E+02      0.39814E+02            21469
      0.57942E+01      0.37797E+02      0.37448E+02            23417
      0.59291E+01      0.36305E+02      0.35954E+02            25502
      0.60673E+01      0.34407E+02      0.34059E+02            26657
      0.62086E+01      0.33507E+02      0.33152E+02            28789
      0.63532E+01      0.31859E+02      0.31506E+02            31182
      0.65012E+01      0.30970E+02      0.30611E+02            32561
      0.66526E+01      0.29861E+02      0.29499E+02            35658
      0.68076E+01      0.28655E+02      0.28290E+02            37573
      0.69661E+01      0.27379E+02      0.27015E+02            40878
      0.71284E+01      0.26139E+02      0.25775E+02            43305
      0.72944E+01      0.25229E+02      0.24861E+02            46874
      0.74644E+01      0.24255E+02      0.23885E+02            49785
      0.76382E+01      0.23316E+02      0.22943E+02            53410
      0.78161E+01      0.22340E+02      0.21966E+02            57486
      0.79982E+01      0.21417E+02      0.21042E+02            61845
      0.81845E+01      0.20878E+02      0.20496E+02            65234
      0.83751E+01      0.19996E+02      0.19613E+02            71126
      0.85702E+01      0.19138E+02      0.18753E+02            75154
      0.87699E+01      0.18397E+02      0.18010E+02            80746
      0.89741E+01      0.17569E+02      0.17183E+02            86890
      0.91832E+01      0.17097E+02      0.16703E+02            92098
      0.93971E+01      0.16246E+02      0.15854E+02           100266
      0.96160E+01      0.15598E+02      0.15205E+02           106154
      0.98399E+01      0.15013E+02      0.14617E+02           114774
      0.10069E+02      0.14337E+02      0.13941E+02           122110
      0.10304E+02      0.13820E+02      0.13421E+02           131438
      0.10544E+02      0.13196E+02      0.12797E+02           139866
      0.10789E+02      0.12758E+02      0.12354E+02           151019
      0.11041E+02      0.12142E+02      0.11740E+02           161410
      0.11298E+02      0.11576E+02      0.11175E+02           172807
      0.11561E+02      0.11095E+02      0.10693E+02           184934
      0.11830E+02      0.10646E+02      0.10242E+02           198643
      0.12106E+02      0.10260E+02      0.98525E+01           212678
      0.12388E+02      0.98428E+01      0.94338E+01           227611
      0.12676E+02      0.94172E+01      0.90078E+01           244147
      0.12972E+02      0.90175E+01      0.86074E+01           260479
      0.13274E+02      0.86230E+01      0.82128E+01           279698
      0.13583E+02      0.82664E+01      0.78550E+01           300579
      0.13899E+02      0.78765E+01      0.74664E+01           321511
      0.14223E+02      0.75583E+01      0.71467E+01           345027
      0.14554E+02      0.72124E+01      0.68016E+01           368812
      0.14893E+02      0.69106E+01      0.64990E+01           395335
      0.15240E+02      0.66335E+01      0.62203E+01           423263
      0.15595E+02      0.63566E+01      0.59425E+01           454035
      0.15959E+02      0.60824E+01      0.56681E+01           485816
      0.16330E+02      0.58283E+01      0.54132E+01           522055
      0.16711E+02      0.56202E+01      0.52016E+01           558220
      0.17100E+02      0.53838E+01      0.49647E+01           598052
      0.17498E+02      0.51588E+01      0.47389E+01           641167
      0.17906E+02      0.49713E+01      0.45483E+01           685832
      0.18323E+02      0.47758E+01      0.43511E+01           736364
      0.18750E+02      0.45992E+01      0.41717E+01           788412
      0.19186E+02      0.44246E+01      0.39949E+01           844716
      0.19633E+02      0.42366E+01      0.38066E+01           904801
      0.20091E+02      0.40670E+01      0.36357E+01           969652
      0.20559E+02      0.39118E+01      0.34784E+01          1037732
      0.21037E+02      0.37375E+01      0.33049E+01          1115457
      0.21527E+02      0.35876E+01      0.31539E+01          1192141
      0.22029E+02      0.34377E+01      0.30037E+01          1278112
      0.22542E+02      0.32997E+01      0.28647E+01          1368325
      0.23067E+02      0.31650E+01      0.27294E+01          1468101
      0.23604E+02      0.30187E+01      0.25849E+01          1571857
      0.24154E+02      0.28928E+01      0.24589E+01          1682734
      0.24717E+02      0.27694E+01      0.23358E+01          1807553
      0.25293E+02      0.26578E+01      0.22236E+01          1931805
      0.25882E+02      0.25523E+01      0.21172E+01          2072138
      0.26485E+02      0.24559E+01      0.20192E+01          2220138
      0.27101E+02      0.23553E+01      0.19185E+01          2380370
      0.27733E+02      0.22662E+01      0.18279E+01          2546650
      0.28379E+02      0.21775E+01      0.17384E+01          2731658
      0.29040E+02      0.20903E+01      0.16509E+01          2926086
      0.29716E+02      0.20114E+01      0.15707E+01          3134654
      0.30408E+02      0.19214E+01      0.14828E+01          3359099
      0.31117E+02      0.18364E+01      0.13997E+01          3600151
      0.31841E+02      0.17581E+01      0.13227E+01          3853566
      0.32583E+02      0.16862E+01      0.12514E+01          4133816
      0.33342E+02      0.16159E+01      0.11822E+01          4427783
      0.34119E+02      0.15491E+01      0.11164E+01          4744931
      0.34913E+02      0.14900E+01      0.10570E+01          5083472
      0.35727E+02      0.14334E+01      0.10001E+01          5446551
      0.36559E+02      0.13788E+01      0.94546E+00          5837760
      0.37410E+02      0.13285E+01      0.89447E+00          6250688
      0.38282E+02      0.12825E+01      0.84712E+00          6699829
      0.39173E+02      0.12356E+01      0.79990E+00          7182600
      0.40086E+02      0.11904E+01      0.75459E+00          7689353
      0.41020E+02      0.11466E+01      0.71088E+00          8243033
      0.41975E+02      0.11067E+01      0.67034E+00          8831621
      0.42953E+02      0.10693E+01      0.63205E+00          9462865
      0.43953E+02      0.10376E+01      0.59774E+00         10138637
      0.44977E+02      0.10076E+01      0.56503E+00         10866146
      0.46025E+02      0.98056E+00      0.53443E+00         11640050
      0.47097E+02      0.95555E+00      0.50546E+00         12474630
      0.48194E+02      0.93168E+00      0.47758E+00         13362283
